351686
853755
832311
933651
785448
201471
839282
785582
7529
901695
647202
975364
976337
70348
994780
827266
222086
719050
896624
919579
294166
579178
549088
488498
206434
111098
647448
57606
411654
596793
232312
241209
665643
791179
384566
30786
964401
524209
115451
641572
76041
803
880934
589018
615174
10156
816004
912052
506748
247506
533554
21507
812144
645542
452219
454187
941415
469132
622423
211410
53372
645343
268208
826574
929483
574413
805847
499893
972050
592915
797632
637651
514855
591427
694718
490578
429392
126022
630292
761459
328349
107212
739389
79987
169854
646701
742077
430567
177653
544826
319352
765627
995233
411689
447629
465558
579643
377733
686797
971659
727600
45365
863572
160750
76336
117443
626141
144352
687302
722426
168901
210647
310253
268423
838399
790295
658243
424873
961783
224458
910900
634501
125525
913914
640977
763497
246388
403692
207186
9137
77322
952611
942170
365534
487460
866901
882278
348119
222984
942058
421892
235692
739016
342420
110479
595217
389953
93226
612414
369259
708626
333835
131718
880915
111519
953599
6861
49510
252399
273391
364746
684584
60839
970968
958567
740632
793179
344737
823784
2094
798580
173555
535452
254648
174006
264335
803285
438740
188375
855892
757193
415896
987532
574246
791103
775891
341653
379042
182180
712056
336807
296693
512409
206069
931138
548238
553537
381169
542382
542209
31298
648406
363908
950997
184761
73964
464677
757574
124517
5904
615223
912075
672796
387126
576623
459236
47869
206597
181742
104855
243217
789957
55575
983220
892825
415227
503145
327290
616595
85986
687190
768550
133832
207185
775904
273286
971474
760905
31101
760440
752058
494997
305732
750672
310828
311603
931875
878100
867902
783082
622324
149132
320034
363463
871359
498276
522025
1929
836113
219695
851637
703397
17548
501121
659453
392618
458721
618067
564604
694812
787900
656092
830026
83288
833103
12374
333069
367843
4821
718635
464859
656009
287423
295954
622584
577882
931330
141924
484348
840445
71351
48997
155792
758950
524845
636851
883858
920593
466119
235691
366122
779799
608064
243151
972984
187188
410102
34299
312163
964520
887005
1137
108483
217896
973371
822453
571415
913459
644468
378219
269965
807287
315914
780114
5844
323788
723319
351324
297452
801777
441783
818983
264005
709073
333179
964102
703547
575799
487143
232359
759567
306866
917263
713710
728170
882307
234403
417544
495208
63276
136047
376093
903266
124555
888783
97604
601298
471104
743859
878097
515024
428547
119069
481322
238175
683466
916210
836852
372158
531683
395344
797887
12610
188421
301797
573240
354450
439032
586402
792789
217184
683887
355964
201166
655133
434500
812202
961583
198266
972947
222581
287835
768364
735793
265034
830426
694120
472031
680027
416949
948125
407882
815768
548904
842164
37860
325592
252894
862290
774403
925328
676665
909274
744977
873839
388887
295868
975262
794464
196541
196056
848964
164595
895950
744255
183396
534797
719402
965367
763261
513966
297219
141606
250515
164697
242282
970817
708011
546760
378754
131215
814663
734188
197362
276920
987579
867702
664439
133463
39966
974618
269424
113577
903871
489808
101141
514454
918949
158670
177073
706817
375235
78065
273369
991202
30789
862059
310695
18801
280805
101064
874996
425460
172935
888144
981355
683653
828546
820878
831427
265759
255571
622742
560188
368628
998937
681787
982982
251958
891239
338706
894499
503276
740984
149514
886417
353836
412759
92159
193897
546949
130820
136430
899076
26473
419122
475413
46366
281840
701123
269539
998331
736477
361638
771484
398139
639471
522596
822538
55495
446979
648906
942341
422287
331386
595930
185178
411591
809392
845783
424012
446228
398983
358301
456353
165829
197362
853426
19814
531260
489085
997895
82314
448756
120284
184451
522769
241909
213519
257799
167211
853718
987282
622295
471289
291743
984484
779656
303515
642861
614273
224845
252616
103293
98713
845332
348193
326384
308809
934680
264060
269033
873419
417772
880310
664087
97656
858433
374087
72512
728359
236763
392359
102311
595496
156023
733515
771799
717479
975647
383298
800215
318126
849008
845399
341064
655389
693734
483896
755759
745684
334361
631457
108219
347789
467799
331018
887406
108395
859714
846253
673665
979360
151241
370831
515161
145907
41782
410766
519180
178923
714982
957722
319740
190492
834260
548130
657847
969702
906102
500556
228212
280944
859790
943195
913469
52729
215337
576724
158410
751320
865179
262166
102374
147251
116802
446167
754911
320038
3211
713383
383567
635732
862985
637103
932581
125423
400013
930061
344184
839369
554978
277419
834666
189203
948905
27183
695965
720086
369776
735166
514921
583383
607797
513467
530338
644149
26183
3825
186808
432540
779983
823842
697986
446194
932765
9332
643906
446397
290970
161604
866105
212577
763380
575196
786487
500048
284173
941933
188842
771738
133304
150550
337893
290034
491941
503045
802712
127306
488087
647165
59594
735964
423555
852262
266981
965337
388106
260259
9296
984258
187956
539032
534396
217891
488031
54816
972315
894513
254281
47058
825617
982766
658277
231208
873830
807959
312150
62796
232856
855553
302818
857607
677695
643178
28446
556722
738090
744906
254743
650545
973603
990859
368400
26030
264563
263189
548255
160446
897986
668272
838523
611620
966989
544078
96017
933407
511207
955837
359701
846475
658472
352990
350081
609830
94563
312346
986763
551523
141697
207205
51664
508968
416472
160297
878647
812413
391118
440322
727820
490215
857230
620899
743989
638868
852168
393731
743335
16462
591045
627913
285323
264839
855605
167000
186906
440633
87018
437833
436754
774775
766525
287105
11033
118627
238326
43232
704068
962891
583288
710316
991407
633662
753080
557899
112406
950920
54140
653651
910523
156190
57786
299480
164724
548604
259096
806602
4623
421658
58986
766357
640290
733587
268990
788067
291260
254760
935531
195035
576293
405532
183171
684750
635943
626523
904963
266772
118625
926025
485835
116888
687043
818634
501074
815377
624101
52769
630284
386439
327611
915707
79408
337129
315917
201467
786352
92565
481261
387579
830480
675555
435123
66652
542836
884259
241710
703584
971197
757124
922661
925721
633344
153643
469781
720622
710474
329933
655544
608553
998838
589717
730637
618158
54627
147952
787792
140864
49529
856129
104347
419979
357485
80162
911980
326819
260512
156609
74469
824651
789509
773000
206201
727905
556243
702446
553370
474738
859202
733944
665797
636034
749965
679577
994353
600824
813199
454445
663466
374126
720819
4597
809973
353469
892195
682476
666910
708392
911088
166575
889710
826718
993172
252989
880921
7948
976065
722522
730829
57121
340252
233052
319246
341445
800383
72454
433902
665464
186102
241526
510901
947619
553960
793163
968016
294125
142607
302545
222320
912040
397294
308188
478937
737810
846030
123904
614414
18573
193430
428882
834177
980991
558803
307446
841674
596083
630242
981195
946391
688658
578110
727223
395870
722787
210414
77963
696647
876290
646805
577691
345989
60390
898963
110233
993301
938325
295480
339989
750150
140725
300221
329650
374129
664914
314058
109220
773759
237559
28289
192147
211192
941419
124366
381842
704797
84085
842325
218779
30502
738488
133077
698079
302708
562756
681882
38104
902646
833358
721343
686362
863505
731987
646208
913319
497407
576308
673614
920272
899880
602538
184203
759081
47350
392209
940630
85089
928605
636424
521815
702921
522906
466516
187612
969966
834815
262702
62164
193317
25712
795676
44707
28403
131475
556576
910734
876175
67098
549252
530085
859898
549713
72224
699590
312693
780572
55582
771474
786722
713590
975765
665900
858259
483367
533181
541348
979080
873285
199249
653807
104071
824850
938223
344696
725221
118442
539362
646336
801763
269202
976979
539816
927145
123929
588672
551344
480323
424620
674962
373204
191936
756416
6550
469544
34645
648841
467045
198371
423038
730441
206332
353733
188503
604704
784176
412336
205684
736155
703095
722867
297635
147864
369884
708082
529091
24745
307193
679186
289538
184516
202036
62693
328362
825282
590499
38763
612082
470730
819387
229184
20271
32572
992253
379103
705406
838176
259394
725950
498499
117027
287561
178524
279685
928398
507673
997661
502090
172001
795390
970165
19330
564896
849912
525129
478940
76032
262714
930222
175975
288316
805982
273510
123010
369714
284986
368014
879027
214005
833300
125994
755542
202823
63867
107839
40803
906342
25105
174490
689077
491382
621273
133487
178130
351327
515011
299296
842561
893760
95685
299943
933907
456077
482399
757190
745624
526299
555652
261387
440774
180043
177193
263804
316074
440074
192870
887417
266038
189955
881150
949568
635110
256113
522828
877189
742707
143163
359870
302036
28996
583845
545201
124311
299144
590990
864046
941405
831350
71750
631464
412915
141502
999073
819330
947765
519985
432998
31387
761485
886367
315650
943467
466884
802530
231860
891610
677350
103032
803512
100160
950593
446865
440681
456531
9261
111368
786242
229395
388383
444561
70814
568171
835506
940334
728413
335102
458124
543898
613895
973746
421966
327911
821154
677755
218854
838643
926306
112276
172406
24193
963190
573644
188566
743149
277440
592828
833326
950379
658835
627209
669331
924290
444680
342493
757263
458658
964613
819046
42036
245407
720644
432010
496865
198257
188214
115575
813634
973525
982668
478889
925577
993812
773017
862302
793889
509491
492614
47007
768537
640894
956727
285507
545714
781405
257910
845584
411656
871755
496958
358025
833591
526275
511599
633250
306552
570659
784242
452457
431940
248035
285060
26086
619011
439003
308329
616756
907810
259342
429638
778035
500984
281093
337704
559589
823438
238994
654219
168027
171053
932489
776015
932118
305046
779484
68074
150427
542255
591661
324289
167911
981407
574371
89673
797202
152156
544319
189067
948495
197599
477214
273867
219342
372527
891678
287677
190301
229423
625117
597311
104173
138784
706762
560041
862499
47165
941635
476678
744582
452698
558044
476411
704160
660036
210299
108072
49731
771888
915021
811143
343474
934117
932764
239753
708336
74480
280147
567645
102433
366710
776820
778600
108846
7856
768432
591303
657165
645622
281187
651220
885528
832503
877772
296159
348883
851612
949683
8494
236540
538162
999117
754428
106568
672607
122157
880312
227958
259145
133626
352721
470547
387671
984516
841257
116980
66131
195860
672600
91364
933071
730774
667747
681261
326223
782133
540488
596509
349559
962114
455314
476094
715847
239954
375525
257376
348152
618032
565418
281898
220855
731111
986808
80363
377741
918156
828562
165766
411997
334546
333653
338897
713872
616707
110700
926006
996007
933004
315496
262060
177111
453344
175157
407232
731605
528515
472521
475277
794081
982508
156223
949807
343404
343525
88498
186087
2247
292526
28801
336980
108620
507901
228559
711688
308140
464362
339597
361518
132988
582298
578979
291344
144175
755659
148444
556918
395192
795242
612705
791204
298844
25961
386814
267370
774221
420236
126014
246064
731750
660492
619352
295430
260363
160316
573928
733522
974678
282934
864811
987772
58802
840319
837486
641254
957669
388874
720851
54258
654579
528782
784861
537195
789982
172279
274583
326339
807891
665007
912279
553724
709900
835197
493457
768221
834843
600063
73610
625854
276512
957548
691056
135401
447443
517645
18232
64652
73285
438822
883527
557269
666780
834486
87193
375014
157641
853850
286119
55532
629016
805397
394375
771193
947231
977969
963912
431927
566660
362217
708054
641522
408362
238161
213619
604488
850105
689666
605798
32398
244100
647885
652454
671436
302202
73020
378040
381254
246574
683500
341260
166452
820731
191995
701725
207991
139851
395694
106982
926078
727993
77569
469807
595142
30575
771879
694739
796430
632324
643127
901917
829219
195617
901484
410100
547573
368413
77082
742116
308223
322646
741314
262776
583415
930160
633012
21938
778823
135156
610167
193354
435839
458292
70936
292705
970360
478048
571237
854649
422295
944391
910002
532756
729631
835031
647741
96228
499455
720751
631679
84335
648655
402793
54601
698605
674828
953568
483149
378854
178911
451855
519287
114926
711320
364904
804475
373242
402207
725912
161833
119631
674288
814882
698385
461310
510779
135296
253833
59464
298470
346885
636660
847505
382344
604619
733669
115249
308891
507383
861618
619332
765243
553952
626584
466010
649113
640252
686509
555156
40825
32782
903921
429310
568786
976682
83602
718459
786122
141316
578521
38573
390989
460168
691619
355972
592007
660257
31106
829681
919636
100115
930781
959243
532962
759151
737256
613665
381462
237228
177379
836615
118578
966800
611927
907433
34810
466329
666355
45485
422090
251032
999181
980157
911849
360151
99746
322514
134024
130693
35465
953579
349194
853819
24873
332191
99801
331157
646755
88044
286601
641367
17995
334665
282201
28934
693489
735429
538269
442375
221006
402373
500274
422719
651090
194424
209348
457868
720636
459852
477266
783086
750714
460789
252282
118921
239467
279347
979531
792699
524409
132990
323317
558153
230255
127780
169566
642348
117096
299335
514573
311746
72342
817906
882588
365593
975595
584106
178294
656241
439
46786
246336
838001
371291
283106
214917
199167
817649
303990
971601
838709
932043
110039
942701
456962
23628
102561
930537
120397
2013
748484
854160
939452
634656
879297
456641
292553
279353
709319
248563
137206
253210
779713
149100
364742
444906
843475
345310
215858
586739
420173
899509
969101
398443
652685
507974
532318
708799
805464
642609
641247
896700
427214
648736
264637
825564
733325
142460
58067
417263
107363
337942
666511
90130
839066
579094
435885
921909
418619
715660
861158
59592
227615
768550
651417
732418
739536
783395
155670
72042
942645
182854
329733
58044
446624
734681
779662
750110
973443
48952
652691
632878
188134
900011
922294
714143
756086
842232
170683
336760
294865
97142
924220
953890
675
733832
956463
289391
637223
687821
834006
177965
978761
495678
636405
257555
45161
894277
790946
986155
250205
175194
675926
286465
365986
716315
773055
190696
642042
865608
613450
717738
580994
955805
156387
713108
608982
499173
971297
563516
91165
669554
747758
421293
931749
140430
656318
541770
657146
792943
763793
586506
232589
393443
573509
387474
658351
990361
905281
340006
773305
27827
943944
780480
877416
995738
417040
318701
785201
423086
62694
672086
106225
231155
981445
410760
53270
59750
933041
464473
354003
519126
997076
115925
736644
112436
424446
779506
178720
283376
192015
105779
600297
307699
793275
845084
240822
680848
427691
592193
8861
391144
774778
720519
615421
454998
209900
373914
972780
920427
395988
371473
560117
743486
950278
786283
287043
771126
639189
665362
168725
35502
747093
162437
906343
236474
387679
250719
560754
936104
418077
931545
349930
596415
265152
942836
831155
216284
270576
65400
951100
516934
675360
446014
33763
158244
474665
954079
134627
365437
253539
528776
607807
860793
832824
875656
439764
298218
57072
356291
511968
593871
231107
619010
176939
729904
404197
340543
188606
19559
12970
882146
59727
278996
855540
349730
866699
313360
176004
763364
216380
818581
961697
879631
405312
596189
554640
409847
93039
714579
381308
768639
681928
859710
457984
61091
127354
581867
79850
911958
411020
224837
913419
53047
539453
826401
245212
5835
68190
48662
618549
47111
256781
73622
877171
546733
599622
814837
198797
355333
426786
695308
11847
534010
716075
389336
438488
636153
170460
614877
890783
563511
113025
76261
706355
472496
534539
317692
311844
536947
34958
430794
186721
306225
31300
963887
292384
112861
912636
320821
315199
460169
158201
533591
421757
509615
535577
492451
484149
13096
104190
849018
503731
553788
562928
935295
108742
673263
257190
552772
842038
607928
480813
239736
976096
639660
982357
21118
493601
435042
647340
73223
894834
20404
900414
478670
260019
866767
415643
185389
383868
326374
461278
532876
148003
938611
884331
184380
596451
981569
809812
231593
129156
546307
483043
301699
484972
251933
416482
127046
96387
452777
668003
157356
510131
319735
872228
426207
26963
811365
539815
167517
784178
531146
980986
331091
876726
968608
427811
488094
630238
85153
360922
598504
345767
893851
992941
704641
906577
644503
561409
355425
486019
369112
592729
171785
240321
931204
48461
782804
841871
309772
751725
204980
966685
216505
445784
211358
226609
75419
169169
638870
220370
298342
498246
406920
515599
698040
238547
376957
91960
242795
880642
45014
537378
55132
948341
108665
97273
792112
8010
823958
860271
12353
893586
309124
861422
837276
722369
304477
373477
368382
94241
130099
837571
290822
263636
648138
467433
939802
133002
889112
179023
51642
754176
91908
74378
440748
341727
931530
576047
868163
761732
804824
335317
347979
203783
505398
13761
135814
437925
353341
404746
341
766085
153505
457810
591036
274636
754938
472055
263752
886543
768201
172385
323239
212235
794823
691284
322504
881407
438327
922427
31958
618035
45513
445434
239628
183980
162795
103886
907413
663827
716452
788023
246609
960909
539475
619974
921438
247137
688059
497016
130021
777388
391451
706837
269224
870393
773790
770776
493616
13500
221637
974996
638423
666000
859938
301207
185148
815029
327019
278044
775091
371430
236981
732158
358959
217140
426528
542623
356508
28464
431740
220798
570298
983193
864948
965109
393457
548578
333686
264991
904249
606948
407472
596443
15660
315044
577368
898887
321532
670285
365531
400522
908758
77910
997009
598751
719544
914590
458355
162740
758140
829638
532666
888727
107876
692704
268406
233992
516036
960710
520473
108484
233073
716721
237910
410941
6635
334021
649866
520803
125359
946781
551541
336590
872858
429631
188754
355241
34019
567531
751232
928788
389322
850072
415611
810056
71262
821640
763381
32329
958225
291529
885509
480686
300464
666734
608395
310237
606197
435041
102742
53459
904198
574491
92081
148027
67331
381192
468041
718850
942308
651148
941914
208312
86525
559676
955216
852921
56650
307392
940352
908537
182852
592411
411423
858787
902423
878531
436849
350399
759490
947508
701047
511791
29873
36516
766243
541033
63086
102332
649778
76038
516060
141364
395838
98983
412312
59427
155444
391244
564583
889608
98240
967106
633341
628272
907748
779666
603396
465545
348220
108098
578567
872790
31022
698640
996317
930320
288671
822454
639060
83323
902105
451609
819987
720476
99361
443381
129487
809409
705478
119957
367975
579335
797380
896268
25537
685308
569002
342458
781363
71196
780846
158477
276706
370354
388820
684575
889997
228195
343310
979661
352635
84705
590411
378708
232079
752083
171141
910318
982778
966160
500774
161993
485863
586596
574686
820896
712597
324333
810174
273517
621841
235612
267697
594781
506730
540791
937699
80626
315412
408267
395721
795831
617710
244498
402049
20215
132804
204876
803450
664205
644048
912784
218815
552522
951704
89273
980695
182864
909424
362444
316705
666877
89782
790588
364489
325043
443327
856953
225633
665869
411464
792316
663271
32710
231718
723666
870183
951843
276156
152267
135668
841732
435053
432349
870387
701761
490617
354485
629119
535447
618467
739773
165427
843251
715301
88728
775292
754520
72468
84675
643343
727975
246096
903109
738415
621746
457845
410982
311625
629442
949704
595952
642888
577589
487779
275070
808223
797043
652832
911411
606505
670034
858330
425433
956089
315677
159270
333759
834609
467122
841635
331287
751862
419845
521366
918382
132192
841433
654419
235459
303270
295293
772174
408340
192491
157072
398715
777594
217448
973000
98711
365463
414608
811336
260725
41381
812672
362519
867964
911556
194203
288221
971380
523080
543018
349576
363371
146248
722052
86734
180708
337649
498278
284875
886228
299576
325668
714860
70039
151617
467417
312228
171569
366298
844616
72610
220205
751215
49604
329708
646978
128065
951035
306579
893178
142909
977798
31769
513978
971666
883276
251032
756804
74985
866913
7002
163492
87447
39881
702999
869592
587117
483551
173797
183350
580437
961137
465705
645586
687552
800982
665934
855502
274997
336068
287023
983675
246931
490741
952679
188266
355505
33139
437546
755161
569835
316839
573502
757054
853717
59990
139066
290766
125171
394642
113986
60480
444073
704011
995489
190435
732694
181386
835248
755593
122409
603619
559688
483611
999756
283903
133870
125491
269260
282495
588976
897591
498655
227642
319030
957318
604939
777083
682806
983682
749908
837069
281785
795748
490459
198594
999966
800054
828635
774891
613177
330496
983716
412870
419562
434588
255066
103455
114853
25692
492487
551893
388712
227497
8729
194616
875625
848001
364059
911000
903500
467422
910519
279717
803882
750035
277005
722682
945764
734021
751542
883675
82350
149757
632492
832703
124005
685206
80182
832122
381619
809028
299231
983056
576197
818951
495844
621117
950170
102003
770348
553615
406348
47027
12972
380385
937094
409461
278395
884733
507942
655727
336635
54575
165771
132592
476613
430400
922790
702662
634943
111603
605961
785385
931301
818631
44365
140181
484436
595531
617380
417627
171630
333067
691172
500183
754712
267144
841865
416261
297564
775026
391869
194248
654283
335687
138187
891842
817095
186667
64373
915089
620816
799700
409317
707685
102281
887090
440743
210602
248444
202094
351049
998146
879319
172549
31495
963926
908703
789908
740337
397173
388563
80102
817198
466742
342284
4732
560472
558889
740516
178956
955227
555096
974592
222384
275910
35166
198461
882051
427910
343836
748949
97617
35196
554791
32594
502628
185474
325439
886051
890917
373686
773493
697545
702230
867922
729384
341272
479308
216569
299088
410938
108885
93693
571359
865815
7813
48660
253829
818052
93100
553506
153329
585707
120161
988936
193074
303926
228870
86420
430635
654741
437275
968659
995131
861650
8479
587533
708692
679449
239475
782017
947148
804062
322073
254463
647564
681243
696726
97425
740038
40947
277116
490709
827945
765762
651398
971877
162383
565797
970905
949868
131004
27501
256785
666816
100251
245223
984890
968348
587084
611581
890847
848930
361183
541896
608046
745398
321499
293061
586086
851183
842516
746179
804239
758272
190240
120848
285249
232365
979745
195028
347821
752706
206056
378597
796765
226771
282067
942116
299223
809254
838562
563855
414174
341162
34229
662931
155881
32472
195674
974834
66832
971159
313063
377762
886792
505107
350795
603355
341581
845139
567804
815116
952727
511774
492389
95117
280357
547627
245843
226346
236909
634415
673106
761109
946996
583952
174521
757656
621301
715436
895826
899513
485368
225929
57764
566143
64864
184128
707337
10679
476737
783701
72030
338641
126971
493689
555050
736417
145067
99449
528136
768937
280098
388261
511025
583228
59603
964384
565073
330241
956232
534473
293719
603010
274103
390542
23931
416278
208491
615901
197683
189008
88947
64485
642185
207466
14462
341080
326465
945290
329803
329483
707210
155500
796872
180925
203514
40958
593224
3598
760206
435772
407643
769952
240592
80162
934649
754277
497062
983403
876174
786648
309133
540672
983368
741883
895937
371837
123897
302069
224715
250112
793150
362660
87855
697394
880580
727356
560968
496678
638490
484130
505539
872023
445958
421229
526626
588362
767078
153415
276919
934932
616399
874237
697908
584968
159311
181442
964695
235949
297457
643106
217289
987417
92260
534548
378909
388612
959184
156434
279815
380827
217602
632184
727940
912856
48957
604814
721524
795272
514952
63765
301063
195768
524074
499486
733920
931337
537213
137212
718648
583011
391028
571784
816565
86585
520569
672976
667752
752487
717367
290058
633701
129759
44487
463863
757872
381273
638840
913929
483278
319824
961907
451350
700911
45149
560254
856504
392505
60991
639471
884329
21557
932149
411315
485906
803635
870746
516759
549008
42823
573044
872141
587896
15355
877593
909411
67920
6552
397677
920800
708808
587380
327559
350496
230292
197196
648715
295484
70556
620054
920191
548411
319771
814297
924553
776106
178448
617264
709354
681964
539800
122989
469852
398420
755180
982406
669811
631189
543430
598576
541750
462206
723045
225439
484297
902824
306741
444737
962074
650240
950904
310111
574467
390663
4646
443736
544878
605866
124517
372218
772735
465582
630737
121886
517951
560836
472000
155386
444126
848270
579975
456300
726965
424631
476914
122452
98769
763445
86557
642944
168846
406408
487931
904078
634934
915266
789620
441077
353151
976157
58534
5302
648456
983991
336575
206181
127618
362104
782303
703197
275943
932312
596424
347328
717364
392964
962112
153159
883699
487820
712783
499693
664075
894175
63108
847070
645938
580029
884480
637412
315826
288706
136382
353579
77795
899666
368875
785090
659952
446840
959839
648202
884701
891017
406595
859930
76488
633910
970262
422210
105883
606662
880002
821477
149359
28586
85525
323838
156184
28378
744054
459035
882450
230287
842603
400080
43102
527358
583519
399097
932485
682503
258848
164533
236567
548217
998592
842243
678811
982127
308659
930618
156280
817077
852408
87663
468316
70804
494486
254369
304717
744644
408733
240077
160153
482160
86563
787729
553821
851776
498466
509153
676845
571714
433818
15751
107768
858477
455672
831377
92375
764939
562406
300453
312415
44493
607950
798879
575031
770969
11079
184172
369853
506365
258282
882239
557902
965763
2320
119448
224642
915838
80856
335951
579555
668997
474618
261475
294001
103963
227765
577537
278819
985710
873837
267403
641403
885181
356489
76873
940875
825461
670115
63046
282721
102460
744185
223368
388030
19990
403383
239231
481230
335397
524913
356270
599666
144490
381537
789428
108107
217779
456413
110162
388181
956144
563093
272463
522529
330340
724924
183076
195666
664814
613434
753830
942806
59926
83449
940539
982028
156388
812556
472627
364636
497607
545983
553797
407824
755517
480089
539300
716495
159751
289840
495049
725976
324214
370386
141001
293463
989513
104873
94487
868254
492980
4712
687835
597895
644312
662574
770288
1045
322416
708080
948412
88226
842782
740951
209935
567128
39681
279618
384559
679247
785194
14941
909878
211850
446732
901438
229683
501030
152904
450925
860922
21875
654429
962008
183817
396600
954718
612256
793188
363697
337563
692730
858073
798456
811537
235262
253996
96271
902971
771273
444774
639744
706875
590116
253930
255424
635326
214417
299620
311488
628471
335846
40848
3755
140174
357714
740080
244100
769926
350765
493659
719213
295670
580750
776934
609021
387206
337556
228435
914064
343238
212605
366034
620536
315680
875267
874159
147754
691646
317123
420480
842757
748623
111544
309224
393506
548592
941722
239628
940672
330476
355685
269988
768935
795543
156455
119558
943216
289417
679265
807607
145276
323764
718553
593456
88062
482571
312824
119806
183563
732886
488901
832808
775213
863365
311436
516156
437990
681399
692707
374961
406410
375948
240430
674538
195187
348665
77898
400107
827818
927327
312067
920051
327046
933975
360791
744652
394907
669264
533807
32570
759080
960653
582197
862755
238739
706368
165190
85217
723475
685402
650798
276611
179777
511701
346319
670966
509718
382343
467757
236847
434464
613525
129754
89692
611110
662198
465614
204355
731189
789190
672432
417441
525990
794591
854499
866993
86145
83179
860470
741372
631721
281776
970454
475923
595658
84976
265618
612146
479518
327504
640661
666740
546796
636246
857639
625405
293843
358111
153468
186224
501060
465723
552767
202359
351244
922075
210674
36811
918783
939493
818097
55461
746676
965241
410832
728831
176935
798154
934263
376266
636006
517334
758722
558107
265598
23504
174344
376291
915151
653461
813271
283377
743890
938450
140015
207655
121539
250141
3858
574898
723798
302897
311770
217620
280254
413924
610206
179725
93596
576057
112581
707609
846093
268408
24717
575459
63401
861496
488996
625933
598830
289641
99804
262026
147033
991906
330044
157025
461224
435475
184057
49856
365558
36214
226567
465957
470022
382626
708829
860870
117973
879936
536024
469180
771610
512763
198068
830182
753103
879662
696201
179963
964771
989301
397231
750511
628295
130884
695421
259544
290319
895207
254220
284352
585923
384465
171994
811324
216121
152028
21081
635929
746112
709091
191302
597669
853954
764022
215497
24089
387003
616096
341331
845377
223958
313545
804795
890467
748258
739852
594796
76684
209418
333957
400762
763523
600039
838710
917421
175933
336449
883831
906908
201134
658639
347716
44448
140233
255596
594550
800470
534709
403293
633390
260438
325532
646731
821863
15211
528337
892961
401562
318256
963205
881814
310574
807153
228625
173786
871867
468362
41482
566828
43621
438045
845466
109766
322483
463369
783125
427011
226954
328554
827745
645429
620205
275527
160600
935315
101044
990357
310319
925348
657649
79343
940804
849467
257710
591822
958917
752963
403487
26418
747679
841687
959804
747821
965699
229178
331684
454918
62948
830482
462169
955471
540417
722262
651097
587831
429300
560928
342336
81864
894607
964171
145819
800913
18184
2052
970398
788733
434493
224775
346063
570960
575010
91234
481371
700590
834983
940118
424337
701584
793148
935077
422166
69167
767883
82697
648852
590545
172459
618049
70320
840490
740833
563037
609094
773028
480361
141114
466087
27462
378816
814579
496066
530839
722522
48168
445770
999502
891273
701580
870982
730131
950214
275841
111482
779381
110782
611562
534799
38088
617022
169849
355593
311238
536896
937122
262285
837386
802425
501271
215312
332688
942504
565244
884996
232927
954125
354284
514182
484909
192668
894705
867645
941827
212319
202232
252644
187332
302180
702059
268906
238503
482040
79440
312768
72222
169971
988612
524143
721925
780663
890362
311033
365516
30168
266782
32862
3643
731408
107142
995107
737528
108512
254805
245586
369452
14377
931677
242419
452115
911316
564959
669934
212220
36704
191929
495707
660804
912847
968137
711044
278979
32190
575668
14832
927524
557964
421688
288772
562950
220254
37674
876023
922306
148563
226285
917765
658399
656588
726541
94876
275923
581164
88642
445641
538812
651062
735916
970898
11003
87076
939964
651751
323535
366452
397386
517304
617150
469880
782799
837413
456181
73384
577965
34050
480418
334736
736333
309927
255668
398452
996319
365059
418951
238119
435680
832744
271697
744479
344672
545370
845531
22611
585232
227557
471591
226756
11112
591729
956451
212772
926694
782264
129558
257347
815627
601677
100960
70538
339173
4252
893107
222158
412926
478376
768387
325144
626972
771329
144121
737191
624677
671913
851570
403595
433821
885288
56009
353524
672262
427660
38135
273806
897326
73218
824500
993017
815976
295428
4243
552486
183903
94122
93975
529006
54735
231222
156015
680037
518549
879920
888494
478497
953843
842298
555587
615027
895635
866370
30189
17629
736560
131748
946432
331896
891381
643542
949140
17126
218510
954418
292841
41801
557182
331932
704478
546752
993368
302223
453446
239905
972949
3083
82172
455672
139686
415872
879670
977603
683297
230416
72649
607229
64446
124547
735727
357185
604162
854302
588155
852406
530718
654282
364868
786450
14710
657957
513585
338779
8217
408167
965357
617163
612227
628936
37707
23730
181008
401260
125718
812179
246775
296388
530944
460446
26811
629779
280942
84690
393381
165639
694448
843145
996273
282423
126326
253830
183628
356430
357178
870011
448953
723678
978346
548097
350992
501116
149953
779210
905813
646874
786953
564601
676146
93508
152484
991784
608603
279391
296939
7708
69002
757312
737706
805235
4817
515813
981614
54735
135925
347983
906212
231520
460125
494890
239773
310072
535101
23338
904393
805639
954483
619554
993276
677603
813978
355433
791161
255917
722606
739018
938099
28117
939556
13733
448895
480979
649294
349374
111224
145472
642470
286883
363334
487858
880091
331969
998851
668734
510252
376049
378383
107174
431407
540505
979701
990173
519646
299717
839147
2490
750512
317972
706433
710576
322856
841079
307494
437529
893117
927581
743213
504897
553844
334760
35170
501617
320577
230825
601696
664080
979504
194274
805732
321584
64980
357028
331723
186366
262345
745914
192412
198861
915357
643718
584811
569038
15127
947858
342438
59992
66562
350739
855495
61730
69214
988839
401701
507302
338656
13117
431371
81572
657553
569570
47271
109522
261954
992540
50775
866080
857197
483465
688562
707558
729006
477290
246858
616566
576346
495394
660415
904990
885288
290524
105426
760586
118462
322341
79429
651949
123320
900638
619819
73151
630598
385072
598597
880767
226784
888411
768893
256468
577049
648444
523806
518078
51492
256834
899790
329161
653334
91479
81916
132973
415220
3506
495243
499475
766031
213067
211246
773985
59002
671473
415658
202041
777111
14659
216382
783748
64346
692500
197664
777692
921660
816913
716745
339095
382121
853698
958877
536764
29135
849634
213726
635553
438882
220847
553170
849639
656701
332371
196710
483335
5035
245379
989403
735497
348787
777405
154761
201973
524650
736168
991150
621150
850533
815117
241213
142520
572946
10110
62894
627761
976631
288552
57586
326627
664487
941894
490687
53714
76783
879022
463534
212223
961241
980777
668528
150569
455468
158955
336647
250519
199797
466617
580219
960686
774805
538513
845969
326838
153406
199438
706852
645656
351492
8349
184981
745380
585609
322788
359598
404717
6945
405437
845540
581891
409530
150976
990846
25408
824360
180259
994162
485545
446063
670936
176655
596969
45724
173685
340543
64094
768707
897100
54961
468516
71276
505495
762771
546878
641437
662823
938035
333022
759756
87268
832098
963021
51409
816541
68385
663075
654369
671905
592144
367841
425651
551114
639059
765657
281781
637698
872109
721262
255798
865183
519415
336529
767843
447700
282940
189410
285116
162321
849627
815299
628357
806122
792907
814759
554441
481654
28559
573997
151153
268385
554316
722840
448694
764887
882415
468725
391549
772793
277845
299043
455664
853732
517121
186620
686159
106128
801733
425862
685846
687407
463999
159530
573711
565470
534974
235978
249518
700786
990299
388616
656057
975764
333962
946826
5155
626725
704770
535700
611559
844712
462285
35802
312515
328092
957633
327412
829192
778861
90798
165910
46847
19935
231603
282499
681711
309254
70170
824312
924381
653104
961666
61579
802620
178475
25178
558014
776111
782088
359388
710515
893757
480249
312008
253066
408122
280245
324711
229416
927156
511046
87935
609185
770537
136628
120182
225311
163878
795211
371384
858772
162156
250456
10759
491344
458313
152027
605286
365521
942109
787900
942146
894341
260263
195035
536148
579894
718273
277815
290651
559235
805941
681658
614498
592083
47607
617301
988956
330557
43179
172355
801323
756125
383504
104844
845616
867131
507047
703643
871077
761982
549957
454656
483412
885196
670461
386827
72298
113779
42772
600610
894231
839903
636638
150000
865751
385138
300491
976585
964361
889917
638491
764271
8827
155865
507225
496881
795711
940116
245299
38772
985840
476455
750257
937842
348867
371250
143662
315852
165974
672609
17445
438786
843603
372879
744587
180737
432429
39080
563175
868116
516720
284383
428584
376452
491930
351695
974630
821556
298530
694540
384199
238754
220858
156934
361400
332120
450317
168481
345439
439807
197356
839637
101570
498576
754670
770829
378211
428124
590506
684701
903938
796804
784544
968387
27447
264875
79072
38273
485969
699462
446493
812452
952964
783665
701087
800355
495792
957316
133112
273078
174348
239428
211130
244235
288725
975396
148647
969790
820807
390920
977665
713139
583776
694221
757731
311464
28466
614577
10019
257637
176243
327794
39086
561131
429857
278146
970350
634773
559239
470410
859378
443519
208196
680857
858102
665616
767177
576599
478422
767543
177946
896167
914495
618122
76911
656983
23247
989863
876478
74666
160765
585146
427102
30593
739842
168190
93501
682563
296735
290206
755494
971902
115251
481463
363125
26673
521237
500788
826130
226410
872518
492011
221011
988613
33972
119223
752027
472782
632787
740289
412956
207290
498444
942227
157451
879041
242392
462102
853239
765254
584870
167617
700824
216452
924354
666080
979786
932403
560575
579383
789215
613487
671626
564175
529470
990076
994286
357509
930476
898491
355313
663920
357764
85828
832580
166854
535193
1215
97805
269823
365060
211582
485013
895510
370556
445787
548276
197126
515158
647666
646647
731511
167774
233471
963632
49785
470446
732694
726537
221882
628872
601060
804964
394082
306406
904184
841853
559735
508705
200587
572159
236
334249
735710
5695
761850
946795
971440
984124
237414
173955
728258
942971
13602
570381
151925
122392
675715
166340
479972
40580
298897
252020
442031
162581
638395
758486
686654
389070
953012
683395
563271
596524
729532
264811
714899
561076
370082
786116
334277
715083
805885
595058
17447
451356
487728
477450
685834
838357
298300
787944
840749
540941
13711
802586
563683
352016
432814
639884
26877
573112
87549
574172
70458
823258
811119
712382
146562
218384
932982
170917
436836
978835
264747
115205
570755
814161
712022
31258
27222
12355
622666
466673
219325
333571
308492
579402
359558
499768
729866
648123
864747
392765
556978
740778
536994
550415
78249
956184
813538
205562
721502
725314
378950
762714
810243
292274
191771
291006
387037
93126
820642
563523
960748
669635
403079
939504
795970
63367
945979
843653
792345
879077
166094
871054
270391
460036
90715
9844
883381
961715
740457
538806
911942
374190
176927
990082
944476
437506
110635
497219
757643
847651
851502
431428
411152
541025
142531
555242
511992
598506
673294
868218
787574
812577
929741
697586
307514
693183
788062
958079
644344
670827
673664
474876
913457
56888
715074
532585
986470
498136
551402
727550
136170
473592
425328
280602
462511
996691
475993
290405
820323
776615
365098
798178
978543
54939
359090
886304
798543
292040
446507
588486
979931
594784
47432
725317
950952
587970
67838
828723
791281
103771
531170
833328
577908
527066
973633
291362
83209
217773
519730
126210
545381
460445
595403
873214
465394
371311
886411
5528
646746
119942
153270
502795
389270
166029
766836
715069
379402
66963
169445
211375
167030
644771
546917
815610
490968
448849
63733
91780
185053
803361
26731
221988
431186
695785
524468
889983
766562
258927
568659
446001
107332
594547
888802
813449
947354
486429
435741
441911
412601
901762
88978
396485
250273
66592
935759
200057
544662
776030
488294
205451
982307
343306
212428
739640
689332
915231
859006
356114
558613
818269
694740
220282
842373
446762
256295
852704
416807
297525
980227
709937
214180
773058
184411
976712
637078
112086
978096
513399
498889
442200
80419
110773
762512
749364
155254
635865
249572
813331
436785
448583
452975
468943
627424
397072
539105
382923
32552
595206
741035
655003
149825
490627
524477
181468
209505
708025
486750
773780
907023
567808
155322
830864
285871
629460
901719
158007
794263
735581
327061
972674
1839
344362
40016
774824
381897
781718
538499
622181
277343
507120
466555
411151
887884
824353
842112
608398
450048
30937
80922
545280
143874
947904
482109
514512
58962
11479
109399
436991
448074
114536
131644
472461
768129
944763
217165
952418
780125
948177
5680
378828
974538
626932
54548
115378
37234
144776
825180
990203
154459
266875
777314
811202
621820
41013
844235
751703
642892
151029
533607
971143
431380
73085
411535
849726
71938
57559
747608
672004
328878
759716
783627
529136
567255
717080
280330
344735
969714
226713
531818
600469
706834
855833
1839
751027
782747
886207
484891
585699
268844
777856
69599
346219
242863
859854
494238
536063
690790
742256
654270
609414
648615
404012
904593
965504
54134
595430
332309
538160
44724
435492
46844
366181
922415
361583
563428
23348
936820
752498
782097
876821
923308
142533
29234
475376
649087
90191
371951
566019
827646
397953
470156
965957
926204
289320
343339
878725
13725
418462
87784
572067
553791
227300
140787
600150
553551
177014
893361
182876
666620
953672
42803
688864
811740
803254
453377
523634
638994
715854
488182
666306
579062
224539
103824
161809
628261
536608
40400
992368
150890
153039
312997
9693
530641
304699
518972
204493
818049
195225
986790
321275
457489
623889
494479
750133
513293
392667
824381
267093
118994
335861
55127
277839
901151
454450
93457
941923
633754
321380
770144
873738
498660
545538
456562
530473
134643
480696
530300
68990
751657
560346
868966
85815
717742
683017
460419
192931
174039
714508
705972
812675
757580
847737
332526
720019
960244
982766
838153
56853
292408
342456
112218
594763
520970
440759
508069
517387
319136
469612
922827
972453
793298
368708
132545
506188
451791
163826
939728
86031
128197
473611
764290
60133
587688
586432
14869
353499
639791
433217
723117
952109
955495
852382
937648
258312
211979
740187
887401
434795
112514
475405
981648
850470
237348
888383
728960
671233
478704
82341
419147
172514
394961
925240
610434
786255
651556
531438
457943
660147
686114
208669
197403
570711
917421
830217
393886
454918
870749
682345
85106
727440
451598
95565
807008
690381
432598
849007
240322
741831
630845
3296
929002
187336
196602
367798
558931
545961
700172
919927
441824
785996
677976
915873
182721
884188
817271
290406
889884
575665
951247
991655
890964
476882
780023
913816
722530
751634
531332
437016
784170
192389
490297
632317
15923
500027
338694
808624
333543
255535
104747
572290
88030
256118
105701
884762
850156
477005
617029
311110
718670
491876
866422
908279
978769
692591
687363
369553
646160
895263
802324
256392
338083
625716
702760
521165
189003
358722
551805
964106
847363
58420
214978
326951
141297
821953
966211
653475
647068
889564
390445
100934
422397
86162
623809
613700
641917
781637
477035
430999
419970
604527
12889
629604
420477
971844
549537
95136
558254
949494
386544
7443
91790
682775
930946
542366
541965
646445
321908
762568
344663
408327
805369
536331
366662
727334
554810
401213
707444
779095
352622
587693
149150
91148
400676
877887
500668
204290
795891
275737
958548
702577
537794
256629
810719
582813
908443
780121
79345
219359
970757
792610
387495
186586
224638
358832
28463
520361
934651
924949
171488
99327
501829
449243
707739
923279
137339
669094
512407
781685
437023
629706
818977
969633
659381
7762
39483
331402
816688
993219
316946
233976
343201
194418
152632
701197
309721
310582
140129
447866
522516
938653
909591
301185
103146
678154
272510
479323
863252
275678
212529
940716
69579
538474
475241
145898
552350
114428
739553
27264
679692
883375
44412
706491
568182
934287
393798
797232
124008
216032
219925
575713
32561
26331
952581
568347
493422
441814
43806
137498
971471
948056
953149
826038
254799
676687
219374
638769
10754
596861
112975
671311
152048
266501
432222
378941
737939
496022
276043
466643
908370
817500
156368
106773
779372
541925
226860
108210
614103
195696
835689
893663
108308
395653
862910
961892
490759
517900
721173
24204
744361
416285
799893
121585
778826
373731
128889
454180
292469
922271
618626
146129
111355
620597
554352
981168
351322
893170
952091
539844
533798
214088
599784
275474
910544
877999
109907
615434
849198
367015
323586
497524
916313
155078
661584
204533
794985
635714
239017
251100
41276
609304
319827
336787
148437
161150
237026
129163
893319
754941
935530
980789
811986
331442
595527
948028
19600
563047
796944
982582
206914
555650
118187
752048
41149
516614
680046
109720
308729
60007
88115
743732
369082
52965
817168
94186
952530
313585
776388
975117
409969
766540
526754
796183
788709
167207
938426
980828
747684
493804
42743
703784
741303
117733
762860
174538
260012
384276
75993
274653
831528
528354
520774
38106
577789
969853
931772
414572
995738
389076
959656
184534
961061
377289
172529
438813
712927
431407
620978
361396
361286
506957
957787
955884
807523
315056
235379
581449
189228
850340
33191
386133
991528
408107
552764
109936
155614
401999
757142
124020
566583
560462
858364
16822
50954
82116
414195
427576
144421
257831
860229
791154
151589
718485
415849
870185
312082
488607
336549
29986
135123
480999
684132
382140
781696
823702
275711
821314
354670
211494
386443
95787
143907
31610
303519
575680
609107
704872
302769
993417
185387
155521
77495
791314
305428
735924
665282
730269
564946
654318
79136
185889
751673
263550
224933
329888
873143
424390
364810
915902
236269
538249
163859
195480
998930
559746
523452
688414
390729
328573
363553
346663
702260
254700
993159
337060
664513
949095
610896
751032
919710
362801
266161
968664
782450
93051
940539
526203
366324
578654
582150
298132
127689
828609
204893
409068
908705
101544
805545
844066
219528
530971
488988
816107
41539
618730
189016
854495
786040
666726
246858
865629
828353
438192
323179
812920
174186
258318
192545
314245
855043
556956
728405
63643
887913
739997
456423
82455
76719
604621
790117
59660
679200
538793
371182
141967
556521
195166
383617
507683
794189
786105
445566
207247
210420
276000
132545
781610
515630
506769
30903
355056
629505
449242
247011
653613
339382
130584
629066
716296
348249
755657
401803
279493
495517
787841
219075
73069
617108
339952
999827
486820
259298
453394
161477
848120
172601
920767
421806
41742
49205
681082
136806
915355
700486
938372
953529
551418
931717
92056
165196
466884
536055
783737
122726
613826
576910
694498
245673
206809
891832
521634
563605
575726
457650
428474
455003
715671
338475
376752
180182
173140
440288
307834
132968
31150
896722
242528
479947
594345
969196
523190
792652
660944
316373
170880
834837
189660
843034
387643
819777
61595
497443
475145
411732
254928
595252
196094
696808
387858
445652
563802
944756
272223
26911
401954
118907
604684
878490
541605
987954
225948
711024
999621
742323
637055
609161
876009
724580
189576
850514
222924
185575
899704
242175
637608
903802
358021
208675
521929
861383
290207
948379
868664
348856
433431
96439
454500
592498
585702
462896
410780
863923
781976
992696
391428
501844
428727
102327
93250
927930
389311
557147
403443
642276
106496
142841
154615
466813
743317
10840
90429
664506
376417
796980
977041
9930
150851
359642
31249
417055
759780
576895
813608
817988
448752
281121
912279
420215
181008
809762
740035
505899
956179
31781
526732
171556
141728
322247
15227
664080
571661
823639
954647
129444
766948
747174
33875
995305
728800
559271
440806
333528
331116
168935
823804
133409
87551
744092
130378
922358
471778
238599
206847
550071
728844
625538
82506
180550
801218
730678
254126
115863
63322
843882
283063
498734
587860
435687
981409
225428
640130
194255
478743
512775
51711
77136
480369
914600
588636
888467
441528
294796
727547
215749
579877
46001
132850
216790
494882
432652
121999
819969
513321
275449
271216
319618
727794
417486
271007
398859
434454
318451
226806
851524
24394
208257
7423
104903
213258
933500
138772
846424
33324
860818
510712
376646
810018
49320
199587
670988
932741
624848
221407
975405
157417
323479
239994
780576
406323
48618
993146
542484
607193
679577
806536
838874
677302
519645
511104
986591
765315
670999
117665
355662
147708
500780
10681
389721
888787
816370
226554
94128
20506
419436
569512
60377
441144
418963
714864
361171
398586
720090
642891
832178
847711
214926
987170
437625
141506
46137
915186
158631
468698
140092
884249
357766
349315
591783
71866
537085
122230
726544
639174
769293
577880
718184
209900
966731
527227
810625
604801
930404
924724
666282
954079
474991
715727
769187
515344
805617
785996
200191
673204
954538
894770
341274
337065
290563
686819
616612
316753
19701
278819
298890
568883
214406
813320
730372
775708
664887
788569
358623
951675
407187
295416
667543
261762
957286
471801
125517
678080
360281
175673
45442
171906
518431
171013
358892
985511
978731
320534
397344
563963
876709
498113
108415
80139
462276
785981
899089
896119
159182
701548
586362
925226
462431
75061
554050
314622
956416
286251
371244
337836
867034
408610
413877
531602
621266
966972
894875
775427
554864
142807
37953
889799
590774
114601
179874
178204
432869
667235
367131
827104
597836
266108
588109
940265
851279
163296
257562
192338
770493
435863
596242
829378
443123
168105
707918
264647
860841
495430
315979
301134
754651
228195
863799
119893
51290
697651
963561
671390
922841
319569
911967
72202
958301
36413
795379
352159
349716
627580
538902
572502
88640
564880
215442
238606
423857
869967
977130
78933
966244
792327
622712
188675
520355
41184
74238
521197
836077
788618
963132
662229
782046
824382
275454
418908
633866
273329
530865
682918
549537
851035
25436
460020
853037
556643
871516
145920
788669
491474
741218
265626
223854
343404
902104
402618
766640
56012
639120
590678
979395
297811
491195
541515
276417
296304
656875
642556
20030
468522
816850
241565
221611
144956
665121
290287
399430
563042
631012
466443
187381
490637
335163
765392
582948
184463
328665
770931
57249
145401
470071
613952
160217
619265
447122
660189
338066
804447
255034
596923
878356
891676
500236
285413
847320
612135
447717
635220
835989
574425
479132
495643
950853
21351
724069
486952
746696
496164
809895
433130
587611
900951
819337
737795
190268
242714
681395
126244
136759
889092
429305
570812
489364
505705
819046
226561
980859
63802
724250
7903
734425
211302
369204
189130
430540
316684
212040
355704
33222
828134
625892
892097
138009
309040
31565
272893
526356
20055
833614
103480
970582
651884
529380
887678
667258
26956
923716
350858
47605
556194
728264
58635
424561
331484
243846
700467
958704
395885
670278
289006
46456
341656
95811
20244
182943
205820
330596
829564
380529
733438
58485
946595
587276
302111
903984
818548
222614
446091
395599
175745
720046
536457
236797
980209
78093
154830
526798
323678
649253
93756
942837
329974
784505
588629
527395
629087
683237
982087
795832
913296
152126
794311
732135
511175
212119
231829
22471
972304
917666
303380
485064
648823
422302
256957
435764
919284
203164
687701
63627
310943
243712
325843
512752
404871
614090
309892
344424
710187
139762
137908
303955
429710
204783
991045
854713
671460
166704
446881
433937
787886
354064
848664
591076
743517
102011
216435
36009
796527
173089
343247
624314
32133
155248
648200
995536
875878
552478
638596
673220
570528
778131
225500
937182
121000
704893
83079
439448
387443
595578
518890
515096
15393
385522
846699
984187
962594
712001
639247
248669
885011
322762
920897
17227
417320
758491
482416
569127
189151
688509
612083
508003
194175
603883
71914
123463
553407
862265
960841
746231
566430
848213
720009
259179
541208
750973
611605
930361
852067
989497
882136
203157
748765
282226
85468
388975
987531
73740
724201
497587
143434
914344
654143
660081
705129
2931
865487
495053
914781
63600
217258
910822
491678
639342
36834
245701
617665
300552
223656
825601
563273
157934
176549
389118
466164
944637
275607
454507
402266
95747
652950
785536
546733
93207
652218
141590
747906
938171
740016
538629
964407
223481
163056
907070
801235
428996
744081
526815
260818
274798
941259
857820
431225
677792
295189
268504
949570
401326
501698
370764
802790
116558
311607
568960
218784
680373
808494
384462
855003
901464
796801
305932
902713
886737
825151
738217
864747
949804
956109
560691
768849
349851
367889
718172
98542
810571
662539
80446
806701
739406
226939
585023
933429
181027
647018
494115
946065
925209
455872
520897
168174
101581
462157
218037
196126
456253
46962
396549
798173
512157
11220
271228
472060
236658
797482
745835
350721
552462
604172
751372
904347
306651
968851
412747
200988
327432
953345
750901
959682
936720
92393
881230
592966
590451
495997
169979
68207
560265
644749
596381
985227
351597
746342
254992
898892
96134
723629
188527
535678
812521
536113
175361
316393
156912
75267
836940
99635
205756
661195
508508
483327
76126
530040
1215
702530
603578
513037
760987
433836
253908
415765
861113
897112
935144
340088
39055
638938
552925
490951
8871
657533
423705
212922
136680
26147
722468
720214
863290
862847
663882
63507
794500
184323
151195
490182
309146
86663
295155
272668
187644
228779
791886
584022
176045
236660
617187
722944
342724
546728
813430
450875
966085
280606
737681
963619
523099
962529
424800
542246
300343
533285
290395
137810
224625
714823
676141
597572
558766
310905
353109
988654
279712
155807
493918
967437
194130
939963
815759
936401
508647
182923
813513
807406
337845
22986
856863
210252
851603
5981
987991
536294
159788
597040
192611
692233
138697
710707
157293
57440
557402
530943
298388
671703
654573
336203
873235
10270
619501
295782
439554
305100
227200
115616
752455
453115
308336
604378
713039
953553
705159
657631
263024
17058
620735
867967
470053
355633
231624
96442
840452
2484
635021
389365
560185
994472
857649
982261
368417
33684
642697
98508
714357
562312
837758
193425
628049
502492
582222
280354
49819
226068
795620
257998
447904
942157
954583
621888
979571
683812
663094
268981
440267
495590
475368
766129
955371
565459
985562
310079
447759
460736
921699
816436
609805
705694
58757
84944
861414
860226
225705
678259
937885
501659
835030
438658
718952
466583
852815
517996
804059
432036
214304
558390
945046
27499
966765
917881
529633
1480
213509
899863
550499
690387
470760
553076
665490
902290
81890
774701
90619
781837
986997
379722
84047
647325
847785
499243
851606
41959
9501
714024
909561
15854
245502
417189
824740
918146
528967
493183
928343
671389
989571
193326
590254
904745
93375
433819
471260
811174
900922
823647
754097
19736
845691
786013
823572
866280
724739
419789
949502
149134
415170
465306
960917
610953
184310
577100
75824
231952
364227
428737
333441
937349
709076
707719
59641
116117
500716
83048
961299
405700
238966
74503
878428
48655
395838
540243
7748
404147
145233
945012
557837
724947
971035
237979
937746
295894
777469
854796
356600
122857
491911
520047
64415
251574
248496
765475
766894
166461
513860
553973
985825
998046
164451
562599
44480
977333
515184
912190
997744
751417
752789
77647
653956
947723
699358
648944
648548
416299
58813
488796
123927
418252
489884
961627
601544
675707
265556
313343
216845
471792
406423
834448
940656
694613
532816
185231
416970
691146
618476
949427
74301
196560
311165
848607
263664
580050
707870
797239
248184
771006
95488
412753
215610
42321
892522
118662
549530
472412
767314
747672
114242
631669
581005
11399
833319
693808
681738
801236
958110
638017
587183
433658
513640
426774
793087
621621
886888
985209
684037
901019
302421
570171
614237
789777
159328
610904
198528
762225
665331
895702
749598
179426
598438
597549
288109
362171
819379
453701
37769
195551
887045
847271
351475
321280
433257
52052
419852
676342
210146
76293
59490
324947
834266
80902
322925
533387
590916
494263
705880
53935
721
152985
541691
129433
993245
829727
6846
305141
458943
407199
117
265456
329525
465296
325684
608603
256398
124460
845382
221776
729869
48918
922110
191238
283978
553899
894353
987087
538415
351224
515927
207698
126487
778253
300387
470849
254052
493267
138167
597142
908973
929105
103271
415469
169525
756405
62116
289755
768210
343863
812761
473343
690784
748466
575854
391967
16632
99062
350664
267235
692586
821845
915776
788580
803533
564039
502081
194293
843775
427937
509427
28481
791098
254245
915390
991062
570061
489132
323157
248709
224915
785236
886001
232923
412778
511108
697815
522797
216262
910701
107547
559504
243436
803705
925357
989580
770285
949753
243921
351484
403753
590225
373561
948882
931479
244030
311073
10312
249145
875174
453693
651090
822478
828088
495324
129401
554593
610851
548796
415321
319529
459831
201359
949277
168366
163240
163881
346309
69684
636192
77863
618184
678124
709361
788836
370516
171658
251907
888782
66511
212220
196904
457187
413771
474171
841559
888743
30185
559486
625485
571833
179417
752704
993853
998636
78776
442104
876798
201795
584990
226468
91675
790923
325254
861623
915757
96332
444807
596329
357401
938557
384786
209536
510675
757295
335231
156676
678941
903556
633494
921740
299283
102838
350494
968966
28458
141377
908475
419510
33867
558341
131248
184277
727035
118113
944388
646537
71268
478682
874194
135414
218070
983409
527903
461071
57894
507540
434219
995962
230893
455430
608054
59863
898219
933214
144254
145978
372101
400568
647764
865876
52158
535343
423655
319581
402879
841750
266434
743423
969770
976738
357946
488411
281990
328584
666922
792017
149295
464751
78015
870684
10213
961469
736841
696414
952806
933230
388318
211818
793220
160199
712886
735571
176321
866428
992198
521731
13651
495514
72113
852641
783341
163038
173946
940102
219166
584243
701915
277964
116894
992061
931403
290622
437594
936052
729405
533054
859038
833091
45207
179495
51850
318218
256817
381898
382835
407981
548129
55011
686633
748059
748494
629918
409669
660835
149341
358160
807870
670916
143299
709816
875581
240678
226330
221174
575439
783110
649307
521003
571749
325646
145418
720733
242027
993656
730388
905135
193903
65672
475187
332146
301186
491272
768908
735657
319552
700041
36925
141350
905271
154489
273233
214845
33693
449019
896333
161823
922549
630366
329259
473468
114023
415428
258700
12745
948096
555831
749119
625190
177966
532102
978118
771590
137180
722806
411301
12484
282623
515521
973237
333035
518872
114245
206090
160717
603417
243840
897650
653552
415069
244415
878422
54835
797508
739090
674496
309909
484720
101720
69129
86812
857329
117159
426203
567054
918275
747446
909004
392741
66141
77437
491317
767450
823452
988676
646860
319262
710406
627926
180207
529297
439948
367428
5750
473556
422252
38611
23420
754581
12099
882159
163148
649136
420355
986045
719814
157484
779335
827003
722819
913957
90451
227119
867191
238199
798869
819450
238538
781880
764803
481367
341793
309148
30110
172013
10035
260999
243478
111411
386047
4110
922066
557563
574519
658230
849025
145764
140673
118090
521021
715707
60979
968801
688335
489134
521733
17660
437597
863075
864550
388463
231698
795499
868871
350139
403004
73143
922521
329487
804805
863672
563445
893614
733762
831746
561241
74042
861441
998502
219160
824522
420078
654926
680103
711465
639811
667909
493296
886137
527309
277771
122512
262457
982186
608304
330703
961847
189676
321661
167909
587335
236348
17845
869843
387023
992374
569034
531332
270868
819464
342370
595953
847450
719593
217484
760224
513690
575826
309826
425829
751366
268243
146314
956598
858272
532167
597972
805536
74726
195957
245147
333144
338431
237890
714847
184928
184409
429888
504720
453106
529062
342979
941615
347720
942228
642097
294107
93170
927336
426434
648411
892630
875495
868458
305523
905869
73615
546647
825150
594361
298527
662666
204096
271963
725544
447971
24948
927990
472390
179250
257875
258928
888451
277620
608990
952526
987660
348163
141120
155043
548909
265667
747425
468676
357768
972151
991496
489817
510435
4253
625597
164798
230161
934643
388903
911650
505294
247071
883104
269475
659241
349565
917707
711007
348173
242200
505835
717482
225308
233749
542870
957342
280672
723017
979266
254076
513714
149148
268911
424249
871267
470030
481435
426205
598339
388573
705808
250349
293116
747691
762790
436722
52136
38284
4169
697420
570789
600579
869057
343890
646045
58591
935607
111837
707556
931541
413
1029
646424
980699
363838
103633
553953
333652
988993
13939
134255
659885
622165
151160
612002
73447
405268
509316
180540
266173
971229
643583
339722
160640
215619
503859
546
833912
417119
925326
879882
961777
218
710197
364093
17755
451158
487699
220007
133354
473868
595383
784433
119552
656774
90097
517526
765087
482979
693529
92827
866940
73761
124132
554638
79574
187405
865222
549682
85368
611671
459937
216359
749140
881624
581464
901730
481560
575077
562390
238246
641303
613968
732438
624193
876796
392392
790386
343974
919244
665023
792412
377976
225365
294599
397484
442216
122782
486289
416903
410606
914016
325557
888328
210513
565834
454133
823496
886136
784106
931943
453019
28746
514806
11948
715576
430044
641240
136120
991233
743027
84648
214072
532876
964667
485698
832174
14340
446972
468278
514541
811904
550688
956487
126304
215180
311758
88702
124764
164667
653188
550152
875231
580775
25502
317786
588756
508743
697778
576750
829313
868135
233674
263825
981947
587432
486147
122819
763930
154303
282666
761138
881125
511453
430446
960036
819962
373708
952019
353942
250284
41899
321712
101683
211404
419014
833815
371870
980135
148384
87790
541396
721702
841978
60476
939130
747928
42288
285416
409463
511517
704168
179372
35699
901864
493959
575090
266429
490235
442075
4733
834896
136765
972838
905976
930124
456219
239535
181905
653540
472225
841317
769417
780199
745581
874401
510225
930977
596711
103997
460071
619544
712307
701721
9410
92929
452833
824669
297978
432388
442683
858613
817743
416203
267056
617623
268456
262296
450149
298740
765020
757465
916558
318136
640552
239457
369597
165476
582903
714100
937270
396074
975256
342124
55211
668287
142410
44436
74746
519176
894445
844539
162863
543178
371365
846025
799847
334184
143270
721345
357697
338841
551661
384514
867100
953849
76614
376773
628141
680337
48890
313502
430855
905381
196813
250849
32227
810053
443581
444875
327300
584084
392077
578750
988209
71192
666698
908563
710299
441479
990451
659198
753498
653867
95943
526668
387758
630074
940245
850972
364633
359744
243979
916193
120824
155047
612517
69257
963875
751023
893173
344501
391768
852818
850034
219917
967396
652371
460830
741591
581585
484023
92440
339558
133484
462587
440245
739937
506931
55741
716020
11586
192475
710419
450861
543067
312197
313998
89350
296134
776477
394625
156450
938961
888981
618275
323596
83807
877302
820556
271690
640845
611024
815082
501580
6879
559063
342660
514043
223199
222471
515098
722839
295712
931926
393157
104640
204524
21116
966328
537777
280709
865128
762646
770033
966352
778325
317154
340713
297493
876148
418479
787415
967649
927048
311350
40915
698325
73872
175659
86402
524732
350774
1752
536299
64890
284206
751500
614419
450367
547822
994963
451486
958920
181823
456010
596640
755957
203895
350415
681397
173972
775012
888032
958981
361958
145672
135160
276327
488743
711276
708302
314499
64207
919549
106226
980109
317319
650036
282016
165162
216248
666913
576264
455229
740768
317210
142593
210682
354419
932723
724187
611729
83189
774633
62193
211473
552847
534740
291706
759161
202191
112715
193715
39836
479599
430385
936545
605943
539153
391152
896063
497728
568923
718978
229287
135674
352714
649040
448107
705965
794823
292508
361219
57193
214550
125901
171811
324105
983896
231922
145136
750384
429923
549233
450434
607457
892965
632256
717586
366957
906998
809471
686870
168661
826672
229353
407810
337606
566553
369433
393610
881218
391626
116649
313364
485865
865055
975308
783292
939775
644106
371415
616662
776035
478482
26488
814651
920329
749388
672491
830232
130389
474378
365106
105544
981029
348555
413820
103046
872849
499324
674117
202842
765692
714584
152389
112560
211968
507291
464216
908700
121826
745319
304911
216980
450580
910312
724652
422290
865730
465387
399351
951092
620468
267861
700504
392608
93355
653992
462675
571613
705865
207551
980495
964834
321641
546305
717234
782947
444402
509033
913339
796672
288040
335471
749505
65672
581144
111311
861390
277214
956752
554293
14521
618215
474285
613189
439589
551006
603131
206723
578100
815432
403881
765019
116013
460047
686548
230701
194832
359919
577879
744050
657928
313402
716680
76149
440818
401099
864886
116943
415080
969458
868453
564045
28077
560116
379952
106573
838010
433952
986256
266356
731720
404077
585901
640353
297201
459106
680009
812682
980057
940524
297040
871546
153801
777221
306192
651739
514627
984920
975220
975496
648451
790631
356649
675102
431542
489247
826184
350430
825868
59543
11898
712786
834330
81706
977252
366533
129890
749328
191022
560026
863379
225328
891809
997924
63340
655954
535486
210185
938611
521627
488624
721185
108881
237343
942905
747372
151182
259660
907036
276973
934675
565693
828486
932652
11706
263554
976402
524658
20062
621536
869315
431550
145124
551830
278456
461091
741102
160995
115388
231863
500524
156093
310761
899007
585878
158329
804967
721353
933877
970651
335346
334841
752498
679865
387890
43501
276402
854087
434307
698939
894654
918023
944692
440465
695355
286394
618856
620338
481644
397893
208375
841939
917005
349680
254476
114318
282325
520757
978938
956820
383306
106488
837080
269014
652238
844115
200947
232372
379336
221461
213027
4541
629911
778963
91180
541892
290704
563064
527065
895699
980151
770975
406636
521482
470335
507147
750243
676839
484324
849618
235696
620341
577458
9975
854829
306937
274004
477128
232777
668663
227611
881236
196386
878574
209969
939986
699432
348218
641812
177439
856040
111104
921027
777075
940277
624126
337752
738644
376905
9046
164229
755418
623191
540362
942057
716130
619684
374898
1944
765118
690297
471388
750144
813063
467337
941207
73956
467707
411937
174812
945935
132854
864994
642534
95630
894376
9462
455565
219010
598482
752480
483644
271310
636095
888690
489763
943624
816447
397877
333159
705548
420672
160447
169961
393311
239673
330493
769878
382967
943254
624448
245829
905147
626730
983880
981441
759398
423397
469299
724600
991264
264697
331582
627967
768227
799908
55231
395875
910314
984580
576002
294445
582376
263526
956402
365948
799944
748601
934019
406412
802778
19262
903333
167222
584244
593234
184788
967566
520631
505733
231782
605957
899318
103920
18246
470892
312433
830215
55785
644149
594119
143676
267858
678781
712564
904988
24245
258355
239412
414530
430806
999657
984672
972476
274313
433992
812696
402672
107657
86194
735005
843039
575197
108000
239717
536605
657203
609596
984217
66567
548121
510833
962566
796537
485493
501558
610639
976850
939592
56055
461536
759995
886582
168188
188359
825768
695993
408843
769921
958682
942287
617139
652719
879179
534165
747749
620035
636184
840894
64083
643290
515618
684826
5364
436564
549425
273705
514554
406935
108754
761991
701939
403815
119091
423393
835272
606593
257267
956935
957309
86165
874972
261835
731748
395508
177882
102230
756239
322137
384823
936610
382746
115551
544873
146603
135331
92664
409443
559253
309479
363615
607526
426
591057
567791
468235
891199
521186
433812
181709
243163
429613
354754
262022
66803
315960
90835
504229
519924
501970
542059
429856
497287
340457
977103
206093
230235
897400
533089
696554
686455
575058
816183
376343
262502
438860
132156
235113
329681
298475
246389
466541
773637
381356
267444
68641
312112
480858
226234
874359
163656
146450
42163
518493
898029
991288
61074
301641
295103
711974
346657
35209
129627
210169
224226
630510
904467
895280
535803
24241
33154
807292
552727
651720
915755
398798
940073
407075
82623
106764
266181
420115
432805
919574
962886
344140
559214
514977
753637
910653
927758
716152
932899
343582
726701
454018
2070
519502
982986
871981
681799
45158
414589
987116
209952
240611
750626
339627
227097
384982
699329
801650
332264
75310
178139
177896
609682
493397
284431
415508
221813
270149
930301
698139
266530
258776
423779
402270
84025
344807
557847
341535
514698
238972
361076
661997
832833
998991
471745
734333
475881
391434
159948
677540
457104
238159
31765
113152
896692
269094
71794
983756
375716
482618
712091
714217
484325
234600
954182
341583
434812
520851
108665
207989
532952
359102
622713
827284
963344
37902
63462
211316
878593
235394
819246
196801
998462
322549
618830
842184
44578
860070
199399
61984
972445
963193
226912
656093
352291
194426
164924
9234
586484
182992
892701
797168
294401
916666
686016
504282
941371
692726
93323
651441
875244
131314
19893
162133
488882
277579
421689
261438
295747
174179
371646
503727
551003
336275
287074
21473
535339
388238
887909
355142
160511
932064
809144
375489
318100
454572
842245
367980
396551
26064
962313
566586
160223
664668
361254
249423
116451
375921
521609
281997
283806
371707
755898
389292
663465
871789
777364
248857
827463
414320
248152
89678
576381
508798
724947
654437
628776
357640
10688
224547
319750
838447
536593
937435
960557
631959
747352
425425
595423
709545
166784
658164
228122
22020
82547
743794
384897
114003
650308
136207
124504
276579
297169
188583
769101
362379
661812
17021
385200
347668
657448
300254
191415
776682
825526
354271
672257
806540
260027
947639
864995
801069
864907
581854
582049
503828
417295
63150
724244
47908
978600
118713
538514
896853
994672
680580
272016
531320
339425
865918
823551
868780
122563
947744
547225
167048
702731
294021
323200
364418
921342
395811
996036
984846
571432
142858
383101
215646
216594
133537
711935
488392
850767
92661
682495
466201
438785
275385
870838
568229
472123
21289
566472
820901
159613
591331
528283
885948
480402
456013
867467
708082
873765
500046
490998
528271
253173
216483
166682
167370
965779
912563
790385
236225
280576
10481
281868
258857
330565
886583
459594
913497
715427
882279
626732
173881
260138
711193
906649
249058
324289
924582
139225
741883
833913
251719
403201
244894
815474
581590
19627
853253
357468
212431
727149
541156
274367
406224
331597
479639
594438
988622
420209
628555
248765
73303
315837
767393
11678
796595
653810
796879
9444
871890
652565
28131
610103
39172
269613
85279
17548
38732
743550
579094
61615
950648
67454
48121
8905
23581
700144
930052
221896
766182
516301
732240
894948
925378
343205
276448
359076
119576
165717
258388
433880
179873
859595
24489
309511
86369
625753
954086
430401
483205
449170
234936
163052
563785
679960
139566
675397
659277
630584
394958
732197
894990
290127
375325
774697
779854
725774
846151
262768
568718
175682
424758
438893
846057
716066
541866
829383
245437
64568
460324
926642
118377
226316
511706
193658
460254
716706
556267
466153
107457
781322
465675
180303
880390
188638
193343
252948
197443
240296
291314
682843
283416
217727
423750
441422
909871
336368
340318
715949
365575
716661
805004
763254
388932