117
218
236
341
413
426
439
546
675
721
803
1029
1045
1137
1215
1215
1480
1752
1839
1839
1929
1944
2013
2052
2070
2094
2247
2320
2484
2490
2931
3083
3211
3296
3506
3598
3643
3755
3825
3858
4110
4169
4243
4252
4253
4541
4597
4623
4646
4712
4732
4733
4817
4821
5035
5155
5302
5364
5528
5680
5695
5750
5835
5844
5904
5981
6550
6552
6635
6846
6861
6879
6945
7002
7423
7443
7529
7708
7748
7762
7813
7856
7903
7948
8010
8217
8349
8479
8494
8729
8827
8861
8871
8905
9046
9137
9234
9261
9296
9332
9410
9444
9462
9501
9693
9844
9930
9975
10019
10035
10110
10156
10213
10270
10312
10481
10679
10681
10688
10754
10759
10840
11003
11033
11079
11112
11220
11399
11479
11586
11678
11706
11847
11898
11948
12099
12353
12355
12374
12484
12610
12745
12889
12970
12972
13096
13117
13500
13602
13651
13711
13725
13733
13761
13939
14340
14377
14462
14521
14659
14710
14832
14869
14941
15127
15211
15227
15355
15393
15660
15751
15854
15923
16462
16632
16822
17021
17058
17126
17227
17445
17447
17548
17548
17629
17660
17755
17845
17995
18184
18232
18246
18573
18801
19262
19330
19559
19600
19627
19701
19736
19814
19893
19935
19990
20030
20055
20062
20215
20244
20271
20404
20506
21081
21116
21118
21289
21351
21473
21507
21557
21875
21938
22020
22471
22611
22986
23247
23338
23348
23420
23504
23581
23628
23730
23931
24089
24193
24204
24241
24245
24394
24489
24717
24745
24873
24948
25105
25178
25408
25436
25502
25537
25692
25712
25961
26030
26064
26086
26147
26183
26331
26418
26473
26488
26673
26731
26811
26877
26911
26956
26963
27183
27222
27264
27447
27462
27499
27501
27827
28077
28117
28131
28289
28378
28403
28446
28458
28463
28464
28466
28481
28559
28586
28746
28801
28934
28996
29135
29234
29873
29986
30110
30168
30185
30189
30502
30575
30593
30786
30789
30903
30937
31022
31101
31106
31150
31249
31258
31298
31300
31387
31495
31565
31610
31765
31769
31781
31958
32133
32190
32227
32329
32398
32472
32552
32561
32570
32572
32594
32710
32782
32862
33139
33154
33191
33222
33324
33684
33693
33763
33867
33875
33972
34019
34050
34229
34299
34645
34810
34958
35166
35170
35196
35209
35465
35502
35699
35802
36009
36214
36413
36516
36704
36811
36834
36925
37234
37674
37707
37769
37860
37902
37953
38088
38104
38106
38135
38273
38284
38573
38611
38732
38763
38772
39055
39080
39086
39172
39483
39681
39836
39881
39966
40016
40400
40580
40803
40825
40848
40915
40947
40958
41013
41149
41184
41276
41381
41482
41539
41742
41782
41801
41899
41959
42036
42163
42288
42321
42743
42772
42803
42823
43102
43179
43232
43501
43621
43806
44365
44412
44436
44448
44480
44487
44493
44578
44707
44724
45014
45149
45158
45161
45207
45365
45442
45485
45513
45724
46001
46137
46366
46456
46786
46844
46847
46962
47007
47027
47058
47111
47165
47271
47350
47432
47605
47607
47869
47908
48121
48168
48461
48618
48655
48660
48662
48890
48918
48952
48957
48997
49205
49320
49510
49529
49604
49731
49785
49819
49856
50775
50954
51290
51409
51492
51642
51664
51711
51850
52052
52136
52158
52729
52769
52965
53047
53270
53372
53459
53714
53935
54134
54140
54258
54548
54575
54601
54627
54735
54735
54816
54835
54939
54961
55011
55127
55132
55211
55231
55461
55495
55532
55575
55582
55741
55785
56009
56012
56055
56650
56853
56888
57072
57121
57193
57249
57440
57559
57586
57606
57764
57786
57894
58044
58067
58420
58485
58534
58591
58635
58757
58802
58813
58962
58986
59002
59427
59464
59490
59543
59592
59594
59603
59641
59660
59727
59750
59863
59926
59990
59992
60007
60133
60377
60390
60476
60480
60839
60979
60991
61074
61091
61579
61595
61615
61730
61984
62116
62164
62193
62693
62694
62796
62894
62948
63046
63086
63108
63150
63276
63322
63340
63367
63401
63462
63507
63600
63627
63643
63733
63765
63802
63867
64083
64094
64207
64346
64373
64415
64446
64485
64568
64652
64864
64890
64980
65400
65672
65672
66131
66141
66511
66562
66567
66592
66652
66803
66832
66963
67098
67331
67454
67838
67920
68074
68190
68207
68385
68641
68990
69002
69129
69167
69214
69257
69579
69599
69684
70039
70170
70320
70348
70458
70538
70556
70804
70814
70936
71192
71196
71262
71268
71276
71351
71750
71794
71866
71914
71938
72030
72042
72113
72202
72222
72224
72298
72342
72454
72468
72512
72610
72649
73020
73069
73085
73143
73151
73218
73223
73285
73303
73384
73447
73610
73615
73622
73740
73761
73872
73956
73964
74042
74238
74301
74378
74469
74480
74503
74666
74726
74746
74985
75061
75267
75310
75419
75824
75993
76032
76038
76041
76126
76149
76261
76293
76336
76488
76614
76684
76719
76783
76873
76911
77082
77136
77322
77437
77495
77569
77647
77795
77863
77898
77910
77963
78015
78065
78093
78249
78776
78933
79072
79136
79343
79345
79408
79429
79440
79574
79850
79987
80102
80139
80162
80162
80182
80363
80419
80446
80626
80856
80902
80922
81572
81706
81864
81890
81916
82116
82172
82314
82341
82350
82455
82506
82547
82623
82697
83048
83079
83179
83189
83209
83288
83323
83449
83602
83807
84025
84047
84085
84335
84648
84675
84690
84705
84944
84976
85089
85106
85153
85217
85279
85368
85468
85525
85815
85828
85986
86031
86145
86162
86165
86194
86369
86402
86420
86525
86557
86563
86585
86663
86734
86812
87018
87076
87193
87268
87447
87549
87551
87663
87784
87790
87855
87935
88030
88044
88062
88115
88226
88498
88640
88642
88702
88728
88947
88978
89273
89350
89673
89678
89692
89782
90097
90130
90191
90429
90451
90619
90715
90798
90835
91148
91165
91180
91234
91364
91479
91675
91780
91790
91908
91960
92056
92081
92159
92260
92375
92393
92440
92565
92661
92664
92827
92929
93039
93051
93100
93126
93170
93207
93226
93250
93323
93355
93375
93457
93501
93508
93596
93693
93756
93975
94122
94128
94186
94241
94487
94563
94876
95117
95136
95488
95565
95630
95685
95747
95787
95811
95943
96017
96134
96228
96271
96332
96387
96439
96442
97142
97273
97425
97604
97617
97656
97805
98240
98508
98542
98711
98713
98769
98983
99062
99327
99361
99449
99635
99746
99801
99804
100115
100160
100251
100934
100960
101044
101064
101141
101544
101570
101581
101683
101720
102003
102011
102230
102281
102311
102327
102332
102374
102433
102460
102561
102742
102838
103032
103046
103146
103271
103293
103455
103480
103633
103771
103824
103886
103920
103963
103997
104071
104173
104190
104347
104640
104747
104844
104855
104873
104903
105426
105544
105701
105779
105883
106128
106225
106226
106488
106496
106568
106573
106764
106773
106982
107142
107174
107212
107332
107363
107457
107547
107657
107768
107839
107876
108000
108072
108098
108107
108210
108219
108308
108395
108415
108483
108484
108512
108620
108665
108665
108742
108754
108846
108881
108885
109220
109399
109522
109720
109766
109907
109936
110039
110162
110233
110479
110635
110700
110773
110782
111098
111104
111224
111311
111355
111368
111411
111482
111519
111544
111603
111837
112086
112218
112276
112406
112436
112514
112560
112581
112715
112861
112975
113025
113152
113577
113779
113986
114003
114023
114242
114245
114318
114428
114536
114601
114853
114926
115205
115249
115251
115378
115388
115451
115551
115575
115616
115863
115925
116013
116117
116451
116558
116649
116802
116888
116894
116943
116980
117027
117096
117159
117443
117665
117733
117973
118090
118113
118187
118377
118442
118462
118578
118625
118627
118662
118713
118907
118921
118994
119069
119091
119223
119448
119552
119558
119576
119631
119806
119893
119942
119957
120161
120182
120284
120397
120824
120848
121000
121539
121585
121826
121886
121999
122157
122230
122392
122409
122452
122512
122563
122726
122782
122819
122857
122989
123010
123320
123463
123897
123904
123927
123929
124005
124008
124020
124132
124311
124366
124460
124504
124517
124517
124547
124555
124764
125171
125359
125423
125491
125517
125525
125718
125901
125994
126014
126022
126210
126244
126304
126326
126487
126971
127046
127306
127354
127618
127689
127780
128065
128197
128889
129156
129163
129401
129433
129444
129487
129558
129627
129754
129759
129890
130021
130099
130378
130389
130584
130693
130820
130884
131004
131215
131248
131314
131475
131644
131718
131748
132156
132192
132545
132545
132592
132804
132850
132854
132968
132973
132988
132990
133002
133077
133112
133304
133354
133409
133463
133484
133487
133537
133626
133832
133870
134024
134255
134627
134643
135123
135156
135160
135296
135331
135401
135414
135668
135674
135814
135925
136047
136120
136170
136207
136382
136430
136628
136680
136759
136765
136806
137180
137206
137212
137339
137498
137810
137908
138009
138167
138187
138697
138772
138784
139066
139225
139566
139686
139762
139851
140015
140092
140129
140174
140181
140233
140430
140673
140725
140787
140864
141001
141114
141120
141297
141316
141350
141364
141377
141502
141506
141590
141606
141697
141728
141924
141967
142410
142460
142520
142531
142533
142593
142607
142807
142841
142858
142909
143163
143270
143299
143434
143662
143676
143874
143907
144121
144175
144254
144352
144421
144490
144776
144956
145067
145124
145136
145233
145276
145401
145418
145472
145672
145764
145819
145898
145907
145920
145978
146129
146248
146314
146450
146562
146603
147033
147251
147708
147754
147864
147952
148003
148027
148384
148437
148444
148563
148647
149100
149132
149134
149148
149150
149295
149341
149359
149514
149757
149825
149953
150000
150427
150550
150569
150851
150890
150976
151029
151153
151160
151182
151195
151241
151589
151617
151925
152027
152028
152048
152126
152156
152267
152389
152484
152632
152904
152985
153039
153159
153270
153329
153406
153415
153468
153505
153643
153801
154303
154459
154489
154615
154761
154830
155043
155047
155078
155248
155254
155322
155386
155444
155500
155521
155614
155670
155792
155807
155865
155881
156015
156023
156093
156184
156190
156223
156280
156368
156387
156388
156434
156450
156455
156609
156676
156912
156934
157025
157072
157293
157356
157417
157451
157484
157641
157934
158007
158201
158244
158329
158410
158477
158631
158670
158955
159182
159270
159311
159328
159530
159613
159751
159788
159948
160153
160199
160217
160223
160297
160316
160446
160447
160511
160600
160640
160717
160750
160765
160995
161150
161477
161604
161809
161823
161833
161993
162133
162156
162321
162383
162437
162581
162740
162795
162863
163038
163052
163056
163148
163240
163296
163492
163656
163826
163859
163878
163881
164229
164451
164533
164595
164667
164697
164724
164798
164924
165162
165190
165196
165427
165476
165639
165717
165766
165771
165829
165910
165974
166029
166094
166340
166452
166461
166575
166682
166704
166784
166854
167000
167030
167048
167207
167211
167222
167370
167517
167617
167774
167909
167911
168027
168105
168174
168188
168190
168366
168481
168661
168725
168846
168901
168935
169169
169445
169525
169566
169849
169854
169961
169971
169979
170460
170683
170880
170917
171013
171053
171141
171488
171556
171569
171630
171658
171785
171811
171906
171994
172001
172013
172279
172355
172385
172406
172459
172514
172529
172549
172601
172935
173089
173140
173555
173685
173786
173797
173881
173946
173955
173972
174006
174039
174179
174186
174344
174348
174490
174521
174538
174812
175157
175194
175361
175659
175673
175682
175745
175933
175975
176004
176045
176243
176321
176549
176655
176927
176935
176939
177014
177073
177111
177193
177379
177439
177653
177882
177896
177946
177965
177966
178130
178139
178204
178294
178448
178475
178524
178720
178911
178923
178956
179023
179250
179372
179417
179426
179495
179725
179777
179873
179874
179963
180043
180182
180207
180259
180303
180540
180550
180708
180737
180925
181008
181008
181027
181386
181442
181468
181709
181742
181823
181905
182180
182721
182852
182854
182864
182876
182923
182943
182992
183076
183171
183350
183396
183563
183628
183817
183903
183980
184057
184128
184172
184203
184277
184310
184323
184380
184409
184411
184451
184463
184516
184534
184761
184788
184928
184981
185053
185148
185178
185231
185387
185389
185474
185575
185889
186087
186102
186224
186366
186586
186620
186667
186721
186808
186906
187188
187332
187336
187381
187405
187612
187644
187956
188134
188214
188266
188359
188375
188421
188503
188527
188566
188583
188606
188638
188675
188754
188842
189003
189008
189016
189067
189130
189151
189203
189228
189410
189576
189660
189676
189955
190240
190268
190301
190435
190492
190696
191022
191238
191302
191415
191771
191929
191936
191995
192015
192147
192338
192389
192412
192475
192491
192545
192611
192668
192870
192931
193074
193317
193326
193343
193354
193425
193430
193658
193715
193897
193903
194130
194175
194203
194248
194255
194274
194293
194418
194424
194426
194616
194832
195028
195035
195035
195166
195187
195225
195480
195551
195617
195666
195674
195696
195768
195860
195957
196056
196094
196126
196386
196541
196560
196602
196710
196801
196813
196904
197126
197196
197356
197362
197362
197403
197443
197599
197664
197683
198068
198257
198266
198371
198461
198528
198594
198797
198861
199167
199249
199399
199438
199587
199797
200057
200191
200587
200947
200988
201134
201166
201359
201467
201471
201795
201973
202036
202041
202094
202191
202232
202359
202823
202842
203157
203164
203514
203783
203895
204096
204290
204355
204493
204524
204533
204783
204876
204893
204980
205451
205562
205684
205756
205820
206056
206069
206090
206093
206181
206201
206332
206434
206597
206723
206809
206847
206914
207185
207186
207205
207247
207290
207466
207551
207655
207698
207989
207991
208196
208257
208312
208375
208491
208669
208675
209348
209418
209505
209536
209900
209900
209935
209952
209969
210146
210169
210185
210252
210299
210414
210420
210513
210602
210647
210674
210682
211130
211192
211246
211302
211316
211358
211375
211404
211410
211473
211494
211582
211818
211850
211968
211979
212040
212119
212220
212220
212223
212235
212319
212428
212431
212529
212577
212605
212772
212922
213027
213067
213258
213509
213519
213619
213726
214005
214072
214088
214180
214304
214406
214417
214550
214845
214917
214926
214978
215180
215312
215337
215442
215497
215610
215619
215646
215749
215858
216032
216121
216248
216262
216284
216359
216380
216382
216435
216452
216483
216505
216569
216594
216790
216845
216980
217140
217165
217184
217258
217289
217448
217484
217602
217620
217727
217773
217779
217891
217896
218037
218070
218384
218510
218779
218784
218815
218854
219010
219075
219160
219166
219325
219342
219359
219374
219528
219695
219917
219925
220007
220205
220254
220282
220370
220798
220847
220855
220858
221006
221011
221174
221407
221461
221611
221637
221776
221813
221882
221896
221988
222086
222158
222320
222384
222471
222581
222614
222924
222984
223199
223368
223481
223656
223854
223958
224226
224458
224539
224547
224625
224638
224642
224715
224775
224837
224845
224915
224933
225308
225311
225328
225365
225428
225439
225500
225633
225705
225929
225948
226068
226234
226285
226316
226330
226346
226410
226468
226554
226561
226567
226609
226713
226756
226771
226784
226806
226860
226912
226939
226954
227097
227119
227200
227300
227497
227557
227611
227615
227642
227765
227958
228122
228195
228195
228212
228435
228559
228625
228779
228870
229178
229184
229287
229353
229395
229416
229423
229683
230161
230235
230255
230287
230292
230416
230701
230825
230893
231107
231155
231208
231222
231520
231593
231603
231624
231698
231718
231782
231829
231860
231863
231922
231952
232079
232312
232359
232365
232372
232589
232777
232856
232923
232927
233052
233073
233471
233674
233749
233976
233992
234403
234600
234936
235113
235262
235379
235394
235459
235612
235691
235692
235696
235949
235978
236225
236269
236348
236474
236540
236567
236658
236660
236763
236797
236847
236909
236981
237026
237228
237343
237348
237414
237559
237890
237910
237979
238119
238159
238161
238175
238199
238246
238326
238503
238538
238547
238599
238606
238739
238754
238966
238972
238994
239017
239231
239412
239428
239457
239467
239475
239535
239628
239628
239673
239717
239736
239753
239773
239905
239954
239994
240077
240296
240321
240322
240430
240592
240611
240678
240822
241209
241213
241526
241565
241710
241909
242027
242175
242200
242282
242392
242419
242528
242714
242795
242863
243151
243163
243217
243436
243478
243712
243840
243846
243921
243979
244030
244100
244100
244235
244415
244498
244894
245147
245212
245223
245299
245379
245407
245437
245502
245586
245673
245701
245829
245843
246064
246096
246336
246388
246389
246574
246609
246775
246858
246858
246931
247011
247071
247137
247506
248035
248152
248184
248444
248496
248563
248669
248709
248765
248857
249058
249145
249423
249518
249572
250112
250141
250205
250273
250284
250349
250456
250515
250519
250719
250849
251032
251032
251100
251574
251719
251907
251933
251958
252020
252282
252399
252616
252644
252894
252948
252989
253066
253173
253210
253539
253829
253830
253833
253908
253930
253996
254052
254076
254126
254220
254245
254281
254369
254463
254476
254648
254700
254743
254760
254799
254805
254928
254992
255034
255066
255424
255535
255571
255596
255668
255798
255917
256113
256118
256295
256392
256398
256468
256629
256781
256785
256817
256834
256957
257190
257267
257347
257376
257555
257562
257637
257710
257799
257831
257875
257910
257998
258282
258312
258318
258355
258388
258700
258776
258848
258857
258927
258928
259096
259145
259179
259298
259342
259394
259544
259660
260012
260019
260027
260138
260259
260263
260363
260438
260512
260725
260818
260999
261387
261438
261475
261762
261835
261954
262022
262026
262060
262166
262285
262296
262345
262457
262502
262702
262714
262768
262776
263024
263189
263526
263550
263554
263636
263664
263752
263804
263825
264005
264060
264335
264563
264637
264647
264697
264747
264811
264839
264875
264991
265034
265152
265456
265556
265598
265618
265626
265667
265759
266038
266108
266161
266173
266181
266356
266429
266434
266501
266530
266772
266782
266875
266981
267056
267093
267144
267235
267370
267403
267444
267697
267858
267861
268208
268243
268385
268406
268408
268423
268456
268504
268844
268906
268911
268981
268990
269014
269033
269094
269202
269224
269260
269424
269475
269539
269613
269823
269965
269988
270149
270391
270576
270868
271007
271216
271228
271310
271690
271697
271963
272016
272223
272463
272510
272668
272893
273078
273233
273286
273329
273369
273391
273510
273517
273705
273806
273867
274004
274103
274313
274367
274583
274636
274653
274798
274997
275070
275385
275449
275454
275474
275527
275607
275678
275711
275737
275841
275910
275923
275943
276000
276043
276156
276327
276402
276417
276448
276512
276579
276611
276706
276919
276920
276973
277005
277116
277214
277343
277419
277440
277579
277620
277771
277815
277839
277845
277964
278044
278146
278395
278456
278819
278819
278979
278996
279347
279353
279391
279493
279618
279685
279712
279717
279815
280098
280147
280245
280254
280330
280354
280357
280576
280602
280606
280672
280709
280805
280942
280944
281093
281121
281187
281776
281781
281785
281840
281868
281898
281990
281997
282016
282067
282201
282226
282325
282423
282495
282499
282623
282666
282721
282934
282940
283063
283106
283376
283377
283416
283806
283903
283978
284173
284206
284352
284383
284431
284875
284986
285060
285116
285249
285323
285413
285416
285507
285871
286119
286251
286394
286465
286601
286883
287023
287043
287074
287105
287423
287561
287677
287835
288040
288109
288221
288316
288552
288671
288706
288725
288772
289006
289320
289391
289417
289538
289641
289755
289840
290034
290058
290127
290206
290207
290287
290319
290395
290405
290406
290524
290563
290622
290651
290704
290766
290822
290970
291006
291260
291314
291344
291362
291529
291706
291743
292040
292274
292384
292408
292469
292508
292526
292553
292705
292841
293061
293116
293463
293719
293843
294001
294021
294107
294125
294166
294401
294445
294599
294796
294865
295103
295155
295189
295293
295416
295428
295430
295480
295484
295670
295712
295747
295782
295868
295894
295954
296134
296159
296304
296388
296693
296735
296939
297040
297169
297201
297219
297452
297457
297493
297525
297564
297635
297811
297978
298132
298218
298300
298342
298388
298470
298475
298527
298530
298740
298844
298890
298897
299043
299088
299144
299223
299231
299283
299296
299335
299480
299576
299620
299717
299943
300221
300254
300343
300387
300453
300464
300491
300552
301063
301134
301185
301186
301207
301641
301699
301797
302036
302069
302111
302180
302202
302223
302421
302545
302708
302769
302818
302897
303270
303380
303515
303519
303926
303955
303990
304477
304699
304717
304911
305046
305100
305141
305428
305523
305732
305932
306192
306225
306406
306552
306579
306651
306741
306866
306937
307193
307392
307446
307494
307514
307699
307834
308140
308188
308223
308329
308336
308492
308659
308729
308809
308891
309040
309124
309133
309146
309148
309224
309254
309479
309511
309721
309772
309826
309892
309909
309927
310072
310079
310111
310237
310253
310319
310574
310582
310695
310761
310828
310905
310943
311033
311073
311110
311165
311238
311350
311436
311464
311488
311603
311607
311625
311746
311758
311770
311844
312008
312067
312082
312112
312150
312163
312197
312228
312346
312415
312433
312515
312693
312768
312824
312997
313063
313343
313360
313364
313402
313502
313545
313585
313998
314058
314245
314499
314622
315044
315056
315199
315412
315496
315650
315677
315680
315826
315837
315852
315914
315917
315960
315979
316074
316373
316393
316684
316705
316753
316839
316946
317123
317154
317210
317319
317692
317786
317972
318100
318126
318136
318218
318256
318451
318701
319030
319136
319246
319262
319352
319529
319552
319569
319581
319618
319735
319740
319750
319771
319824
319827
320034
320038
320534
320577
320821
321275
321280
321380
321499
321532
321584
321641
321661
321712
321908
322073
322137
322247
322341
322416
322483
322504
322514
322549
322646
322762
322788
322856
322925
323157
323179
323200
323239
323317
323479
323535
323586
323596
323678
323764
323788
323838
324105
324214
324289
324289
324333
324711
324947
325043
325144
325254
325439
325532
325557
325592
325646
325668
325684
325843
326223
326339
326374
326384
326465
326627
326819
326838
326951
327019
327046
327061
327290
327300
327412
327432
327504
327559
327611
327794
327911
328092
328349
328362
328554
328573
328584
328665
328878
329161
329259
329483
329487
329525
329650
329681
329708
329733
329803
329888
329933
329974
330044
330241
330340
330476
330493
330496
330557
330565
330596
330703
331018
331091
331116
331157
331287
331386
331402
331442
331484
331582
331597
331684
331723
331896
331932
331969
332120
332146
332191
332264
332309
332371
332526
332688
333022
333035
333067
333069
333144
333159
333179
333441
333528
333543
333571
333652
333653
333686
333759
333835
333957
333962
334021
334184
334249
334277
334361
334546
334665
334736
334760
334841
335102
335163
335231
335317
335346
335397
335471
335687
335846
335861
335951
336068
336203
336275
336368
336449
336529
336549
336575
336590
336635
336647
336760
336787
336807
336980
337060
337065
337129
337556
337563
337606
337649
337704
337752
337836
337845
337893
337942
338066
338083
338431
338475
338641
338656
338694
338706
338779
338841
338897
339095
339173
339382
339425
339558
339597
339627
339722
339952
339989
340006
340088
340252
340318
340457
340543
340543
340713
341064
341080
341162
341260
341272
341274
341331
341445
341535
341581
341583
341653
341656
341727
341793
342124
342284
342336
342370
342420
342438
342456
342458
342493
342660
342724
342979
343201
343205
343238
343247
343306
343310
343339
343404
343404
343474
343525
343582
343836
343863
343890
343974
344140
344184
344362
344424
344501
344663
344672
344696
344735
344737
344807
345310
345439
345767
345989
346063
346219
346309
346319
346657
346663
346885
347328
347668
347716
347720
347789
347821
347979
347983
348119
348152
348163
348173
348193
348218
348220
348249
348555
348665
348787
348856
348867
348883
349194
349315
349374
349559
349565
349576
349680
349716
349730
349851
349930
350081
350139
350399
350415
350430
350494
350496
350664
350721
350739
350765
350774
350795
350858
350992
351049
351224
351244
351322
351324
351327
351475
351484
351492
351597
351686
351695
352016
352159
352291
352622
352635
352714
352721
352990
353109
353151
353341
353469
353499
353524
353579
353733
353836
353942
354003
354064
354271
354284
354419
354450
354485
354670
354754
355056
355142
355241
355313
355333
355425
355433
355505
355593
355633
355662
355685
355704
355964
355972
356114
356270
356291
356430
356489
356508
356600
356649
357028
357178
357185
357401
357468
357485
357509
357640
357697
357714
357764
357766
357768
357946
358021
358025
358111
358160
358301
358623
358722
358832
358892
358959
359076
359090
359102
359388
359558
359598
359642
359701
359744
359870
359919
360151
360281
360791
360922
361076
361171
361183
361219
361254
361286
361396
361400
361518
361583
361638
361958
362104
362171
362217
362379
362444
362519
362660
362801
363125
363334
363371
363463
363553
363615
363697
363838
363908
364059
364093
364227
364418
364489
364633
364636
364742
364746
364810
364868
364904
365059
365060
365098
365106
365437
365463
365516
365521
365531
365534
365558
365575
365593
365948
365986
366034
366122
366181
366298
366324
366452
366533
366662
366710
366957
367015
367131
367428
367798
367841
367843
367889
367975
367980
368014
368382
368400
368413
368417
368628
368708
368875
369082
369112
369204
369259
369433
369452
369553
369597
369714
369776
369853
369884
370082
370354
370386
370516
370556
370764
370831
371182
371244
371250
371291
371311
371365
371384
371415
371430
371473
371646
371707
371837
371870
371951
372101
372158
372218
372527
372879
373204
373242
373477
373561
373686
373708
373731
373914
374087
374126
374129
374190
374898
374961
375014
375235
375325
375489
375525
375716
375921
375948
376049
376093
376266
376291
376343
376417
376452
376646
376752
376773
376905
376957
377289
377733
377741
377762
377976
378040
378211
378219
378383
378597
378708
378754
378816
378828
378854
378909
378941
378950
379042
379103
379336
379402
379722
379952
380385
380529
380827
381169
381192
381254
381273
381308
381356
381462
381537
381619
381842
381897
381898
382121
382140
382343
382344
382626
382746
382835
382923
382967
383101
383298
383306
383504
383567
383617
383868
384199
384276
384462
384465
384514
384559
384566
384786
384823
384897
384982
385072
385138
385200
385522
386047
386133
386439
386443
386544
386814
386827
387003
387023
387037
387126
387206
387443
387474
387495
387579
387643
387671
387679
387758
387858
387890
388030
388106
388181
388238
388261
388318
388383
388463
388563
388573
388612
388616
388712
388820
388874
388887
388903
388932
388975
389070
389076
389118
389270
389292
389311
389322
389336
389365
389721
389953
390445
390542
390663
390729
390920
390989
391028
391118
391144
391152
391244
391428
391434
391451
391549
391626
391768
391869
391967
392077
392209
392359
392392
392505
392608
392618
392667
392741
392765
392964
393157
393311
393381
393443
393457
393506
393610
393731
393798
393886
394082
394375
394625
394642
394907
394958
394961
395192
395344
395508
395599
395653
395694
395721
395811
395838
395838
395870
395875
395885
395988
396074
396485
396549
396551
396600
397072
397173
397231
397294
397344
397386
397484
397677
397877
397893
397953
398139
398420
398443
398452
398586
398715
398798
398859
398983
399097
399351
399430
400013
400080
400107
400522
400568
400676
400762
401099
401213
401260
401326
401562
401701
401803
401954
401999
402049
402207
402266
402270
402373
402618
402672
402793
402879
403004
403079
403201
403293
403383
403443
403487
403595
403692
403753
403815
403881
404012
404077
404147
404197
404717
404746
404871
405268
405312
405437
405532
405700
406224
406323
406348
406408
406410
406412
406423
406595
406636
406920
406935
407075
407187
407199
407232
407472
407643
407810
407824
407882
407981
408107
408122
408167
408267
408327
408340
408362
408610
408733
408843
409068
409317
409443
409461
409463
409530
409669
409847
409969
410100
410102
410606
410760
410766
410780
410832
410938
410941
410982
411020
411151
411152
411301
411315
411423
411464
411535
411591
411654
411656
411689
411732
411937
411997
412312
412336
412601
412747
412753
412759
412778
412870
412915
412926
412956
413771
413820
413877
413924
414174
414195
414320
414530
414572
414589
414608
415069
415080
415170
415220
415227
415321
415428
415469
415508
415611
415643
415658
415765
415849
415872
415896
416203
416261
416278
416285
416299
416472
416482
416807
416903
416949
416970
417040
417055
417119
417189
417263
417295
417320
417441
417486
417544
417627
417772
418077
418252
418462
418479
418619
418908
418951
418963
419014
419122
419147
419436
419510
419562
419789
419845
419852
419970
419979
420078
420115
420173
420209
420215
420236
420355
420477
420480
420672
421229
421293
421658
421688
421689
421757
421806
421892
421966
422090
422166
422210
422252
422287
422290
422295
422302
422397
422719
423038
423086
423393
423397
423555
423655
423705
423750
423779
423857
424012
424249
424337
424390
424446
424561
424620
424631
424758
424800
424873
425328
425425
425433
425460
425651
425829
425862
426203
426205
426207
426434
426528
426774
426786
427011
427102
427214
427576
427660
427691
427811
427910
427937
428124
428474
428547
428584
428727
428737
428882
428996
429300
429305
429310
429392
429613
429631
429638
429710
429856
429857
429888
429923
430044
430385
430400
430401
430446
430540
430567
430635
430794
430806
430855
430999
431186
431225
431371
431380
431407
431407
431428
431542
431550
431740
431927
431940
432010
432036
432222
432349
432388
432429
432540
432598
432652
432805
432814
432869
432998
433130
433217
433257
433431
433658
433812
433818
433819
433821
433836
433880
433902
433937
433952
433992
434219
434307
434454
434464
434493
434500
434588
434795
434812
435041
435042
435053
435123
435475
435492
435680
435687
435741
435764
435772
435839
435863
435885
436564
436722
436754
436785
436836
436849
436991
437016
437023
437275
437506
437529
437546
437594
437597
437625
437833
437925
437990
438045
438192
438327
438488
438658
438740
438785
438786
438813
438822
438860
438882
438893
439003
439032
439448
439554
439589
439764
439807
439948
440074
440245
440267
440288
440322
440465
440633
440681
440743
440748
440759
440774
440806
440818
441077
441144
441422
441479
441528
441783
441814
441824
441911
442031
442075
442104
442200
442216
442375
442683
443123
443327
443381
443519
443581
443736
444073
444126
444402
444561
444680
444737
444774
444807
444875
444906
445434
445566
445641
445652
445770
445784
445787
445958
446001
446014
446063
446091
446167
446194
446228
446397
446493
446507
446624
446732
446762
446840
446865
446881
446972
446979
447122
447443
447629
447700
447717
447759
447866
447904
447971
448074
448107
448583
448694
448752
448756
448849
448895
448953
449019
449170
449242
449243
450048
450149
450317
450367
450434
450580
450861
450875
450925
451158
451350
451356
451486
451598
451609
451791
451855
452115
452219
452457
452698
452777
452833
452975
453019
453106
453115
453344
453377
453394
453446
453693
453701
454018
454133
454180
454187
454445
454450
454500
454507
454572
454656
454918
454918
454998
455003
455229
455314
455430
455468
455565
455664
455672
455672
455872
456010
456013
456077
456181
456219
456253
456300
456353
456413
456423
456531
456562
456641
456962
457104
457187
457489
457650
457810
457845
457868
457943
457984
458124
458292
458313
458355
458658
458721
458943
459035
459106
459236
459594
459831
459852
459937
460020
460036
460047
460071
460125
460168
460169
460254
460324
460419
460445
460446
460736
460789
460830
461071
461091
461224
461278
461310
461536
462102
462157
462169
462206
462276
462285
462431
462511
462587
462675
462896
463369
463534
463863
463999
464216
464362
464473
464677
464751
464859
465296
465306
465387
465394
465545
465558
465582
465614
465675
465705
465723
465957
466010
466087
466119
466153
466164
466201
466329
466443
466516
466541
466555
466583
466617
466643
466673
466742
466813
466884
466884
467045
467122
467337
467417
467422
467433
467707
467757
467799
468041
468235
468278
468316
468362
468516
468522
468676
468698
468725
468943
469132
469180
469299
469544
469612
469781
469807
469852
469880
470022
470030
470053
470071
470156
470335
470410
470446
470547
470730
470760
470849
470892
471104
471260
471289
471388
471591
471745
471778
471792
471801
472000
472031
472055
472060
472123
472225
472390
472412
472461
472496
472521
472627
472782
473343
473468
473556
473592
473611
473868
474171
474285
474378
474618
474665
474738
474876
474991
475145
475187
475241
475277
475368
475376
475405
475413
475881
475923
475993
476094
476411
476455
476613
476678
476737
476882
476914
477005
477035
477128
477214
477266
477290
477450
478048
478376
478422
478482
478497
478670
478682
478704
478743
478889
478937
478940
479132
479308
479323
479518
479599
479639
479947
479972
480089
480249
480323
480361
480369
480402
480418
480686
480696
480813
480858
480979
480999
481230
481261
481322
481367
481371
481435
481463
481560
481644
481654
482040
482109
482160
482399
482416
482571
482618
482979
483043
483149
483205
483278
483327
483335
483367
483412
483465
483551
483611
483644
483896
484023
484130
484149
484297
484324
484325
484348
484436
484720
484891
484909
484972
485013
485064
485368
485493
485545
485698
485835
485863
485865
485906
485969
486019
486147
486289
486429
486750
486820
486952
487143
487460
487699
487728
487779
487820
487858
487931
488031
488087
488094
488182
488294
488392
488411
488498
488607
488624
488743
488796
488882
488901
488988
488996
489085
489132
489134
489247
489364
489763
489808
489817
489884
490182
490215
490235
490297
490459
490578
490617
490627
490637
490687
490709
490741
490759
490951
490968
490998
491195
491272
491317
491344
491382
491474
491678
491876
491911
491930
491941
492011
492389
492451
492487
492614
492980
493183
493267
493296
493397
493422
493457
493601
493616
493659
493689
493804
493918
493959
494115
494238
494263
494479
494486
494882
494890
494997
495049
495053
495208
495243
495324
495394
495430
495514
495517
495590
495643
495678
495707
495792
495844
495997
496022
496066
496164
496678
496865
496881
496958
497016
497062
497219
497287
497407
497443
497524
497587
497607
497728
498113
498136
498246
498276
498278
498444
498466
498499
498576
498655
498660
498734
498889
499173
499243
499324
499455
499475
499486
499693
499768
499893
500027
500046
500048
500183
500236
500274
500524
500556
500668
500716
500774
500780
500788
500984
501030
501060
501074
501116
501121
501271
501558
501580
501617
501659
501698
501829
501844
501970
502081
502090
502492
502628
502795
503045
503145
503276
503727
503731
503828
503859
504229
504282
504720
504897
505107
505294
505398
505495
505539
505705
505733
505835
505899
506188
506365
506730
506748
506769
506931
506957
507047
507120
507147
507225
507291
507302
507383
507540
507673
507683
507901
507942
507974
508003
508069
508508
508647
508705
508743
508798
508968
509033
509153
509316
509427
509491
509615
509718
510131
510225
510252
510435
510675
510712
510779
510833
510901
511025
511046
511104
511108
511175
511207
511453
511517
511599
511701
511706
511774
511791
511968
511992
512157
512407
512409
512752
512763
512775
513037
513293
513321
513399
513467
513585
513640
513690
513714
513860
513966
513978
514043
514182
514454
514512
514541
514554
514573
514627
514698
514806
514855
514921
514952
514977
515011
515024
515096
515098
515158
515161
515184
515344
515521
515599
515618
515630
515813
515927
516036
516060
516156
516301
516614
516720
516759
516934
517121
517304
517334
517387
517526
517645
517900
517951
517996
518078
518431
518493
518549
518872
518890
518972
519126
519176
519180
519287
519415
519502
519645
519646
519730
519924
519985
520047
520355
520361
520473
520569
520631
520757
520774
520803
520851
520897
520970
521003
521021
521165
521186
521197
521237
521366
521482
521609
521627
521634
521731
521733
521815
521929
522025
522516
522529
522596
522769
522797
522828
522906
523080
523099
523190
523452
523634
523806
524074
524143
524209
524409
524468
524477
524650
524658
524732
524845
524913
525129
525990
526203
526275
526299
526356
526626
526668
526732
526754
526798
526815
527065
527066
527227
527309
527358
527395
527903
528136
528271
528283
528337
528354
528515
528776
528782
528967
529006
529062
529091
529136
529297
529380
529470
529633
530040
530085
530300
530338
530473
530641
530718
530839
530865
530943
530944
530971
531146
531170
531260
531320
531332
531332
531438
531602
531683
531818
532102
532167
532318
532585
532666
532756
532816
532876
532876
532952
532962
533054
533089
533181
533285
533387
533554
533591
533607
533798
533807
534010
534165
534396
534473
534539
534548
534709
534740
534797
534799
534974
535101
535193
535339
535343
535447
535452
535486
535577
535678
535700
535803
536024
536055
536063
536113
536148
536294
536299
536331
536457
536593
536605
536608
536764
536896
536947
536994
537085
537195
537213
537378
537777
537794
538160
538162
538249
538269
538415
538474
538499
538513
538514
538629
538793
538806
538812
538902
539032
539105
539153
539300
539362
539453
539475
539800
539815
539816
539844
540243
540362
540417
540488
540505
540672
540791
540941
541025
541033
541156
541208
541348
541396
541515
541605
541691
541750
541770
541866
541892
541896
541925
541965
542059
542209
542246
542255
542366
542382
542484
542623
542836
542870
543018
543067
543178
543430
543898
544078
544319
544662
544826
544873
544878
545201
545280
545370
545381
545538
545714
545961
545983
546305
546307
546647
546728
546733
546733
546752
546760
546796
546878
546917
546949
547225
547573
547627
547822
548097
548121
548129
548130
548217
548238
548255
548276
548411
548578
548592
548604
548796
548904
548909
549008
549088
549233
549252
549425
549530
549537
549537
549682
549713
549957
550071
550152
550415
550499
550688
551003
551006
551114
551344
551402
551418
551523
551541
551661
551805
551830
551893
552350
552462
552478
552486
552522
552727
552764
552767
552772
552847
552925
553076
553170
553370
553407
553506
553537
553551
553615
553724
553788
553791
553797
553821
553844
553899
553952
553953
553960
553973
554050
554293
554316
554352
554441
554593
554638
554640
554791
554810
554864
554978
555050
555096
555156
555242
555587
555650
555652
555831
556194
556243
556267
556521
556576
556643
556722
556918
556956
556978
557147
557182
557269
557402
557563
557837
557847
557899
557902
557964
558014
558044
558107
558153
558254
558341
558390
558613
558766
558803
558889
558931
559063
559214
559235
559239
559253
559271
559486
559504
559589
559676
559688
559735
559746
560026
560041
560116
560117
560185
560188
560254
560265
560346
560462
560472
560575
560691
560754
560836
560928
560968
561076
561131
561241
561409
562312
562390
562406
562599
562756
562928
562950
563037
563042
563047
563064
563093
563175
563271
563273
563428
563445
563511
563516
563523
563605
563683
563785
563802
563855
563963
564039
564045
564175
564583
564601
564604
564880
564896
564946
564959
565073
565244
565418
565459
565470
565693
565797
565834
566019
566143
566430
566472
566553
566583
566586
566660
566828
567054
567128
567255
567531
567645
567791
567804
567808
568171
568182
568229
568347
568659
568718
568786
568883
568923
568960
569002
569034
569038
569127
569512
569570
569835
570061
570171
570298
570381
570528
570659
570711
570755
570789
570812
570960
571237
571359
571415
571432
571613
571661
571714
571749
571784
571833
572067
572159
572290
572502
572946
573044
573112
573240
573502
573509
573644
573711
573928
573997
574172
574246
574371
574413
574425
574467
574491
574519
574686
574898
575010
575031
575058
575077
575090
575196
575197
575439
575459
575665
575668
575680
575713
575726
575799
575826
575854
576002
576047
576057
576197
576264
576293
576308
576346
576381
576599
576623
576724
576750
576895
576910
577049
577100
577368
577458
577537
577589
577691
577789
577879
577880
577882
577908
577965
578100
578110
578521
578567
578654
578750
578979
579062
579094
579094
579178
579335
579383
579402
579555
579643
579877
579894
579975
580029
580050
580219
580437
580750
580775
580994
581005
581144
581164
581449
581464
581585
581590
581854
581867
581891
582049
582150
582197
582222
582298
582376
582813
582903
582948
583011
583228
583288
583383
583415
583519
583776
583845
583952
584022
584084
584106
584243
584244
584811
584870
584968
584990
585023
585146
585232
585609
585699
585702
585707
585878
585901
585923
586086
586362
586402
586432
586484
586506
586596
586739
587084
587117
587183
587276
587335
587380
587432
587533
587611
587688
587693
587831
587860
587896
587970
588109
588155
588362
588486
588629
588636
588672
588756
588976
589018
589717
590116
590225
590254
590411
590451
590499
590506
590545
590678
590774
590916
590990
591036
591045
591057
591076
591303
591331
591427
591661
591729
591783
591822
592007
592083
592144
592193
592411
592498
592729
592828
592915
592966
593224
593234
593456
593871
594119
594345
594361
594438
594547
594550
594763
594781
594784
594796
595058
595142
595206
595217
595252
595383
595403
595423
595430
595496
595527
595531
595578
595658
595930
595952
595953
596083
596189
596242
596329
596381
596415
596424
596443
596451
596509
596524
596640
596711
596793
596861
596923
596969
597040
597142
597311
597549
597572
597669
597836
597895
597972
598339
598438
598482
598504
598506
598576
598597
598751
598830
599622
599666
599784
600039
600063
600150
600297
600469
600579
600610
600824
601060
601298
601544
601677
601696
602538
603010
603131
603355
603396
603417
603578
603619
603883
604162
604172
604378
604488
604527
604619
604621
604684
604704
604801
604814
604939
605286
605798
605866
605943
605957
605961
606197
606505
606593
606662
606948
607193
607229
607457
607526
607797
607807
607928
607950
608046
608054
608064
608304
608395
608398
608553
608603
608603
608982
608990
609021
609094
609107
609161
609185
609304
609414
609596
609682
609805
609830
610103
610167
610206
610434
610639
610851
610896
610904
610953
611024
611110
611559
611562
611581
611605
611620
611671
611729
611927
612002
612082
612083
612135
612146
612227
612256
612414
612517
612705
613177
613189
613434
613450
613487
613525
613665
613700
613826
613895
613952
613968
614090
614103
614237
614273
614414
614419
614498
614577
614877
615027
615174
615223
615421
615434
615901
616096
616399
616566
616595
616612
616662
616707
616756
617022
617029
617108
617139
617150
617163
617187
617264
617301
617380
617623
617665
617710
618032
618035
618049
618067
618122
618158
618184
618215
618275
618467
618476
618549
618626
618730
618830
618856
619010
619011
619265
619332
619352
619501
619544
619554
619684
619819
619974
620035
620054
620205
620338
620341
620468
620536
620597
620735
620816
620899
620978
621117
621150
621266
621273
621301
621536
621621
621746
621820
621841
621888
622165
622181
622295
622324
622423
622584
622666
622712
622713
622742
623191
623809
623889
624101
624126
624193
624314
624448
624677
624848
625117
625190
625405
625485
625538
625597
625716
625753
625854
625892
625933
626141
626523
626584
626725
626730
626732
626932
626972
627209
627424
627580
627761
627913
627926
627967
628049
628141
628261
628272
628295
628357
628471
628555
628776
628872
628936
629016
629066
629087
629119
629442
629460
629505
629604
629706
629779
629911
629918
630074
630238
630242
630284
630292
630366
630510
630584
630598
630737
630845
631012
631189
631457
631464
631669
631679
631721
631959
632184
632256
632317
632324
632492
632787
632878
633012
633250
633341
633344
633390
633494
633662
633701
633754
633866
633910
634415
634501
634656
634773
634934
634943
635021
635110
635220
635326
635553
635714
635732
635865
635929
635943
636006
636034
636095
636153
636184
636192
636246
636405
636424
636638
636660
636851
637055
637078
637103
637223
637412
637608
637651
637698
638017
638395
638423
638490
638491
638596
638769
638840
638868
638870
638938
638994
639059
639060
639120
639174
639189
639247
639342
639471
639471
639660
639744
639791
639811
639884
640130
640252
640290
640353
640552
640661
640845
640894
640977
641240
641247
641254
641303
641367
641403
641437
641522
641572
641812
641917
642042
642097
642185
642276
642348
642470
642534
642556
642609
642697
642861
642888
642891
642892
642944
643106
643127
643178
643290
643343
643542
643583
643718
643906
644048
644106
644149
644149
644312
644344
644468
644503
644749
644771
645343
645429
645542
645586
645622
645656
645938
646045
646160
646208
646336
646424
646445
646537
646647
646701
646731
646746
646755
646805
646860
646874
646978
647018
647068
647165
647202
647325
647340
647448
647564
647666
647741
647764
647885
648123
648138
648200
648202
648406
648411
648444
648451
648456
648548
648615
648655
648715
648736
648823
648841
648852
648906
648944
649040
649087
649113
649136
649253
649294
649307
649778
649866
650036
650240
650308
650545
650798
651062
651090
651090
651097
651148
651220
651398
651417
651441
651556
651720
651739
651751
651884
651949
652218
652238
652371
652454
652565
652685
652691
652719
652832
652950
653104
653188
653334
653461
653475
653540
653552
653613
653651
653807
653810
653867
653956
653992
654143
654219
654270
654282
654283
654318
654369
654419
654429
654437
654573
654579
654741
654926
655003
655133
655389
655544
655727
655954
656009
656057
656092
656093
656241
656318
656588
656701
656774
656875
656983
657146
657165
657203
657448
657533
657553
657631
657649
657847
657928
657957
658164
658230
658243
658277
658351
658399
658472
658639
658835
659198
659241
659277
659381
659453
659885
659952
660036
660081
660147
660189
660257
660415
660492
660804
660835
660944
661195
661584
661812
661997
662198
662229
662539
662574
662666
662823
662931
663075
663094
663271
663465
663466
663827
663882
663920
664075
664080
664080
664087
664205
664439
664487
664506
664513
664668
664814
664887
664914
665007
665023
665121
665282
665331
665362
665464
665490
665616
665643
665797
665869
665900
665934
666000
666080
666282
666306
666355
666511
666620
666698
666726
666734
666740
666780
666816
666877
666910
666913
666922
667235
667258
667543
667747
667752
667909
668003
668272
668287
668528
668663
668734
668997
669094
669264
669331
669554
669635
669811
669934
670034
670115
670278
670285
670461
670827
670916
670936
670966
670988
670999
671233
671311
671389
671390
671436
671460
671473
671626
671703
671905
671913
672004
672086
672257
672262
672432
672491
672600
672607
672609
672796
672976
673106
673204
673220
673263
673294
673614
673664
673665
674117
674288
674496
674538
674828
674962
675102
675360
675397
675555
675707
675715
675926
676141
676146
676342
676665
676687
676839
676845
677302
677350
677540
677603
677695
677755
677792
677976
678080
678124
678154
678259
678781
678811
678941
679186
679200
679247
679265
679449
679577
679577
679692
679865
679960
680009
680027
680037
680046
680103
680337
680373
680580
680848
680857
681082
681243
681261
681395
681397
681399
681658
681711
681738
681787
681799
681882
681928
681964
682345
682476
682495
682503
682563
682775
682806
682843
682918
683017
683237
683297
683395
683466
683500
683653
683812
683887
684037
684132
684575
684584
684701
684750
684826
685206
685308
685402
685834
685846
686016
686114
686159
686362
686455
686509
686548
686633
686654
686797
686819
686870
687043
687190
687302
687363
687407
687552
687701
687821
687835
688059
688335
688414
688509
688562
688658
688864
689077
689332
689666
690297
690381
690387
690784
690790
691056
691146
691172
691284
691619
691646
692233
692500
692586
692591
692704
692707
692726
692730
693183
693489
693529
693734
693808
694120
694221
694448
694498
694540
694613
694718
694739
694740
694812
695308
695355
695421
695785
695965
695993
696201
696414
696554
696647
696726
696808
697394
697420
697545
697586
697651
697778
697815
697908
697986
698040
698079
698139
698325
698385
698605
698640
698939
699329
699358
699432
699462
699590
700041
700144
700172
700467
700486
700504
700590
700786
700824
700911
701047
701087
701123
701197
701548
701580
701584
701721
701725
701761
701915
701939
702059
702230
702260
702446
702530
702577
702662
702731
702760
702921
702999
703095
703197
703397
703547
703584
703643
703784
704011
704068
704160
704168
704478
704641
704770
704797
704872
704893
705129
705159
705406
705478
705548
705694
705808
705865
705880
705965
705972
706355
706368
706433
706491
706762
706817
706834
706837
706852
706875
707210
707337
707444
707556
707558
707609
707685
707719
707739
707870
707918
708011
708025
708054
708080
708082
708082
708302
708336
708392
708626
708692
708799
708808
708829
709073
709076
709091
709319
709354
709361
709545
709816
709900
709937
710187
710197
710299
710316
710406
710419
710474
710515
710576
710707
711007
711024
711044
711193
711276
711320
711465
711688
711935
711974
712001
712022
712056
712091
712307
712382
712564
712597
712783
712786
712886
712927
713039
713108
713139
713383
713590
713710
713872
714024
714100
714143
714217
714357
714508
714579
714584
714823
714847
714860
714864
714899
714982
715069
715074
715083
715301
715427
715436
715576
715660
715671
715707
715727
715847
715854
715949
716020
716066
716075
716130
716152
716296
716315
716452
716495
716661
716680
716706
716721
716745
717080
717234
717364
717367
717479
717482
717586
717738
717742
718172
718184
718273
718459
718485
718553
718635
718648
718670
718850
718952
718978
719050
719213
719402
719544
719593
719814
720009
720019
720046
720086
720090
720214
720476
720519
720622
720636
720644
720733
720751
720819
720851
721173
721185
721262
721343
721345
721353
721502
721524
721702
721925
722052
722262
722369
722426
722468
722522
722522
722530
722606
722682
722787
722806
722819
722839
722840
722867
722944
723017
723045
723117
723319
723475
723629
723666
723678
723798
724069
724187
724201
724244
724250
724580
724600
724652
724739
724924
724947
724947
725221
725314
725317
725544
725774
725912
725950
725976
726537
726541
726544
726701
726965
727035
727149
727223
727334
727356
727440
727547
727550
727600
727794
727820
727905
727940
727975
727993
728170
728258
728264
728359
728405
728413
728800
728831
728844
728960
729006
729384
729405
729532
729631
729866
729869
729904
730131
730269
730372
730388
730441
730637
730678
730774
730829
731111
731189
731408
731511
731605
731720
731748
731750
731987
732135
732158
732197
732240
732418
732438
732694
732694
732886
733325
733438
733515
733522
733587
733669
733762
733832
733920
733944
734021
734188
734333
734425
734681
735005
735166
735429
735497
735571
735581
735657
735710
735727
735793
735916
735924
735964
736155
736168
736333
736417
736477
736560
736644
736841
737191
737256
737528
737681
737706
737795
737810
737939
738090
738217
738415
738488
738644
739016
739018
739090
739389
739406
739536
739553
739640
739773
739842
739852
739937
739997
740016
740035
740038
740080
740187
740289
740337
740457
740516
740632
740768
740778
740833
740951
740984
741035
741102
741218
741303
741314
741372
741591
741831
741883
741883
742077
742116
742256
742323
742707
743027
743149
743213
743317
743335
743423
743486
743517
743550
743732
743794
743859
743890
743989
744050
744054
744081
744092
744185
744255
744361
744479
744582
744587
744644
744652
744906
744977
745319
745380
745398
745581
745624
745684
745835
745914
746112
746179
746231
746342
746676
746696
747093
747174
747352
747372
747425
747446
747608
747672
747679
747684
747691
747749
747758
747821
747906
747928
748059
748258
748466
748484
748494
748601
748623
748765
748949
749119
749140
749328
749364
749388
749505
749598
749908
749965
750035
750110
750133
750144
750150
750243
750257
750384
750511
750512
750626
750672
750714
750901
750973
751023
751027
751032
751215
751232
751320
751366
751372
751417
751500
751542
751634
751657
751673
751703
751725
751862
752027
752048
752058
752083
752455
752480
752487
752498
752498
752704
752706
752789
752963
753080
753103
753498
753637
753830
754097
754176
754277
754428
754520
754581
754651
754670
754712
754911
754938
754941
755161
755180
755418
755494
755517
755542
755593
755657
755659
755759
755898
755957
756086
756125
756239
756405
756416
756804
757054
757124
757142
757190
757193
757263
757295
757312
757465
757574
757580
757643
757656
757731
757872
758140
758272
758486
758491
758722
758950
759080
759081
759151
759161
759398
759490
759567
759716
759756
759780
759995
760206
760224
760440
760586
760905
760987
761109
761138
761459
761485
761732
761850
761982
761991
762225
762512
762568
762646
762714
762771
762790
762860
763254
763261
763364
763380
763381
763445
763497
763523
763793
763930
764022
764271
764290
764803
764887
764939
765019
765020
765087
765118
765243
765254
765315
765392
765475
765627
765657
765692
765762
766031
766085
766129
766182
766243
766357
766525
766540
766562
766640
766836
766894
766948
767078
767177
767314
767393
767450
767543
767843
767883
768129
768201
768210
768221
768227
768364
768387
768432
768537
768550
768550
768639
768707
768849
768893
768908
768935
768937
769101
769187
769293
769417
769878
769921
769926
769952
770033
770144
770285
770288
770348
770493
770537
770776
770829
770931
770969
770975
771006
771126
771193
771273
771329
771474
771484
771590
771610
771738
771799
771879
771888
772174
772735
772793
773000
773017
773028
773055
773058
773305
773493
773637
773759
773780
773790
773985
774221
774403
774633
774697
774701
774775
774778
774805
774824
774891
775012
775026
775091
775213
775292
775427
775708
775891
775904
776015
776030
776035
776106
776111
776388
776477
776615
776682
776820
776934
777075
777083
777111
777221
777314
777364
777388
777405
777469
777594
777692
777856
778035
778131
778253
778325
778600
778823
778826
778861
778963
779095
779210
779335
779372
779381
779484
779506
779656
779662
779666
779713
779799
779854
779983
780023
780114
780121
780125
780199
780480
780572
780576
780663
780846
781322
781363
781405
781610
781637
781685
781696
781718
781837
781880
781976
782017
782046
782088
782097
782133
782264
782303
782450
782747
782799
782804
782947
783082
783086
783110
783125
783292
783341
783395
783627
783665
783701
783737
783748
784106
784170
784176
784178
784242
784433
784505
784544
784861
785090
785194
785201
785236
785385
785448
785536
785582
785981
785996
785996
786013
786040
786105
786116
786122
786242
786255
786283
786352
786450
786487
786648
786722
786953
787415
787574
787729
787792
787841
787886
787900
787900
787944
788023
788062
788067
788569
788580
788618
788669
788709
788733
788836
789190
789215
789428
789509
789620
789777
789908
789957
789982
790117
790295
790385
790386
790588
790631
790923
790946
791098
791103
791154
791161
791179
791204
791281
791314
791886
792017
792112
792316
792327
792345
792412
792610
792652
792699
792789
792907
792943
793087
793148
793150
793163
793179
793188
793220
793275
793298
793889
794081
794189
794263
794311
794464
794500
794591
794823
794823
794985
795211
795242
795272
795379
795390
795499
795543
795620
795676
795711
795748
795831
795832
795891
795970
796183
796430
796527
796537
796595
796672
796765
796801
796804
796872
796879
796944
796980
797043
797168
797202
797232
797239
797380
797482
797508
797632
797887
798154
798173
798178
798456
798543
798580
798869
798879
799700
799847
799893
799908
799944
800054
800215
800355
800383
800470
800913
800982
801069
801218
801235
801236
801323
801650
801733
801763
801777
802324
802425
802530
802586
802620
802712
802778
802790
803254
803285
803361
803450
803512
803533
803635
803705
803882
804059
804062
804239
804447
804475
804795
804805
804824
804964
804967
805004
805235
805369
805397
805464
805536
805545
805617
805639
805732
805847
805885
805941
805982
806122
806536
806540
806602
806701
807008
807153
807287
807292
807406
807523
807607
807870
807891
807959
808223
808494
808624
809028
809144
809254
809392
809409
809471
809762
809812
809895
809973
810018
810053
810056
810174
810243
810571
810625
810719
811119
811143
811174
811202
811324
811336
811365
811537
811740
811904
811986
812144
812179
812202
812413
812452
812521
812556
812577
812672
812675
812682
812696
812761
812920
813063
813199
813271
813320
813331
813430
813449
813513
813538
813608
813634
813978
814161
814297
814579
814651
814663
814759
814837
814882
815029
815082
815116
815117
815299
815377
815432
815474
815610
815627
815759
815768
815976
816004
816107
816183
816370
816436
816447
816541
816565
816688
816850
816913
817077
817095
817168
817198
817271
817500
817649
817743
817906
817988
818049
818052
818097
818269
818548
818581
818631
818634
818951
818977
818983
819046
819046
819246
819330
819337
819379
819387
819450
819464
819777
819962
819969
819987
820323
820556
820642
820731
820807
820878
820896
820901
821154
821314
821477
821556
821640
821845
821863
821953
822453
822454
822478
822538
823258
823438
823452
823496
823551
823572
823639
823647
823702
823784
823804
823842
823958
824312
824353
824360
824381
824382
824500
824522
824651
824669
824740
824850
825150
825151
825180
825282
825461
825526
825564
825601
825617
825768
825868
826038
826130
826184
826401
826574
826672
826718
827003
827104
827266
827284
827463
827646
827745
827818
827945
828088
828134
828353
828486
828546
828562
828609
828635
828723
829192
829219
829313
829378
829383
829564
829638
829681
829727
830026
830182
830215
830217
830232
830426
830480
830482
830864
831155
831350
831377
831427
831528
831746
832098
832122
832174
832178
832311
832503
832580
832703
832744
832808
832824
832833
833091
833103
833300
833319
833326
833328
833358
833591
833614
833815
833912
833913
834006
834177
834260
834266
834330
834448
834486
834609
834666
834815
834837
834843
834896
834983
835030
835031
835197
835248
835272
835506
835689
835989
836077
836113
836615
836852
836940
837069
837080
837276
837386
837413
837486
837571
837758
838001
838010
838153
838176
838357
838399
838447
838523
838562
838643
838709
838710
838874
839066
839147
839282
839369
839637
839903
840319
840445
840452
840490
840749
840894
841079
841257
841317
841433
841559
841635
841674
841687
841732
841750
841853
841865
841871
841939
841978
842038
842112
842164
842184
842232
842243
842245
842298
842325
842373
842516
842561
842603
842757
842782
843034
843039
843145
843251
843475
843603
843653
843775
843882
844066
844115
844235
844539
844616
844712
845084
845139
845332
845377
845382
845399
845466
845531
845540
845584
845616
845691
845783
845969
846025
846030
846057
846093
846151
846253
846424
846475
846699
847070
847271
847320
847363
847450
847505
847651
847711
847737
847785
848001
848120
848213
848270
848607
848664
848930
848964
849007
849008
849018
849025
849198
849467
849618
849627
849634
849639
849726
849912
850034
850072
850105
850156
850340
850470
850514
850533
850767
850972
851035
851183
851279
851502
851524
851570
851603
851606
851612
851637
851776
852067
852168
852262
852382
852406
852408
852641
852704
852815
852818
852921
853037
853239
853253
853426
853698
853717
853718
853732
853755
853819
853850
853954
854087
854160
854302
854495
854499
854649
854713
854796
854829
855003
855043
855495
855502
855540
855553
855605
855833
855892
856040
856129
856504
856863
856953
857197
857230
857329
857607
857639
857649
857820
858073
858102
858259
858272
858330
858364
858433
858477
858613
858772
858787
859006
859038
859202
859378
859595
859710
859714
859790
859854
859898
859930
859938
860070
860226
860229
860271
860470
860793
860818
860841
860870
860922
861113
861158
861383
861390
861414
861422
861441
861496
861618
861623
861650
862059
862265
862290
862302
862499
862755
862847
862910
862985
863075
863252
863290
863365
863379
863505
863572
863672
863799
863923
864046
864550
864747
864747
864811
864886
864907
864948
864994
864995
865055
865128
865179
865183
865222
865487
865608
865629
865730
865751
865815
865876
865918
866080
866105
866280
866370
866422
866428
866699
866767
866901
866913
866940
866993
867034
867100
867131
867191
867467
867645
867702
867902
867922
867964
867967
868116
868135
868163
868218
868254
868453
868458
868664
868780
868871
868966
869057
869315
869592
869843
869967
870011
870183
870185
870387
870393
870684
870746
870749
870838
870982
871054
871077
871267
871359
871516
871546
871755
871789
871867
871890
871981
872023
872109
872141
872228
872518
872790
872849
872858
873143
873214
873235
873285
873419
873738
873765
873830
873837
873839
874159
874194
874237
874359
874401
874972
874996
875174
875231
875244
875267
875495
875581
875625
875656
875878
876009
876023
876148
876174
876175
876290
876478
876709
876726
876796
876798
876821
877171
877189
877302
877416
877593
877772
877887
877999
878097
878100
878356
878422
878428
878490
878531
878574
878593
878647
878725
879022
879027
879041
879077
879179
879297
879319
879631
879662
879670
879882
879920
879936
880002
880091
880310
880312
880390
880580
880642
880767
880915
880921
880934
881125
881150
881218
881230
881236
881407
881624
881814
882051
882136
882146
882159
882239
882278
882279
882307
882415
882450
882588
883104
883276
883375
883381
883527
883675
883699
883831
883858
884188
884249
884259
884329
884331
884480
884701
884733
884762
884996
885011
885181
885196
885288
885288
885509
885528
885948
886001
886051
886136
886137
886207
886228
886304
886367
886411
886417
886543
886582
886583
886737
886792
886888
887005
887045
887090
887401
887406
887417
887678
887884
887909
887913
888032
888144
888328
888383
888411
888451
888467
888494
888690
888727
888743
888782
888783
888787
888802
888981
889092
889112
889564
889608
889710
889799
889884
889917
889983
889997
890362
890467
890783
890847
890917
890964
891017
891199
891239
891273
891381
891610
891676
891678
891809
891832
891842
892097
892195
892522
892630
892701
892825
892961
892965
893107
893117
893170
893173
893178
893319
893361
893586
893614
893663
893757
893760
893851
894175
894231
894277
894341
894353
894376
894445
894499
894513
894607
894654
894705
894770
894834
894875
894948
894990
895207
895263
895280
895510
895635
895699
895702
895826
895937
895950
896063
896119
896167
896268
896333
896624
896692
896700
896722
896853
897100
897112
897326
897400
897591
897650
897986
898029
898219
898491
898887
898892
898963
899007
899076
899089
899318
899509
899513
899666
899704
899790
899863
899880
900011
900414
900638
900922
900951
901019
901151
901438
901464
901484
901695
901719
901730
901762
901864
901917
902104
902105
902290
902423
902646
902713
902824
902971
903109
903266
903333
903500
903556
903802
903871
903921
903938
903984
904078
904184
904198
904249
904347
904393
904467
904593
904745
904963
904988
904990
905135
905147
905271
905281
905381
905813
905869
905976
906102
906212
906342
906343
906577
906649
906908
906998
907023
907036
907070
907413
907433
907748
907810
908279
908370
908443
908475
908537
908563
908700
908703
908705
908758
908973
909004
909274
909411
909424
909561
909591
909871
909878
910002
910312
910314
910318
910519
910523
910544
910653
910701
910734
910822
910900
911000
911088
911316
911411
911556
911650
911849
911942
911958
911967
911980
912040
912052
912075
912190
912279
912279
912563
912636
912784
912847
912856
913296
913319
913339
913419
913457
913459
913469
913497
913816
913914
913929
913957
914016
914064
914344
914495
914590
914600
914781
915021
915089
915151
915186
915231
915266
915355
915357
915390
915707
915755
915757
915776
915838
915873
915902
916193
916210
916313
916558
916666
917005
917263
917421
917421
917666
917707
917765
917881
918023
918146
918156
918275
918382
918783
918949
919244
919284
919549
919574
919579
919636
919710
919927
920051
920191
920272
920329
920427
920593
920767
920800
920897
921027
921342
921438
921660
921699
921740
921909
922066
922075
922110
922271
922294
922306
922358
922415
922427
922521
922549
922661
922790
922827
922841
923279
923308
923716
924220
924290
924354
924381
924553
924582
924724
924949
925209
925226
925240
925326
925328
925348
925357
925378
925577
925721
926006
926025
926078
926204
926306
926642
926694
927048
927145
927156
927327
927336
927524
927581
927758
927930
927990
928343
928398
928605
928788
929002
929105
929483
929741
930052
930061
930124
930160
930222
930301
930320
930361
930404
930476
930537
930618
930781
930946
930977
931138
931204
931301
931330
931337
931403
931479
931530
931541
931545
931677
931717
931749
931772
931875
931926
931943
932043
932064
932118
932149
932312
932403
932485
932489
932581
932652
932723
932741
932764
932765
932899
932982
933004
933041
933071
933214
933230
933407
933429
933500
933651
933877
933907
933975
934019
934117
934263
934287
934643
934649
934651
934675
934680
934932
935077
935144
935295
935315
935530
935531
935607
935759
936052
936104
936401
936545
936610
936720
936820
937094
937122
937182
937270
937349
937435
937648
937699
937746
937842
937885
938035
938099
938171
938223
938325
938372
938426
938450
938557
938611
938611
938653
938961
939130
939452
939493
939504
939556
939592
939728
939775
939802
939963
939964
939986
940073
940102
940116
940118
940245
940265
940277
940334
940352
940524
940539
940539
940630
940656
940672
940716
940804
940875
941207
941259
941371
941405
941415
941419
941615
941635
941722
941827
941894
941914
941923
941933
942057
942058
942109
942116
942146
942157
942170
942227
942228
942287
942308
942341
942504
942645
942701
942806
942836
942837
942905
942971
943195
943216
943254
943467
943624
943944
944388
944391
944476
944637
944692
944756
944763
945012
945046
945290
945764
945935
945979
946065
946391
946432
946595
946781
946795
946826
946996
947148
947231
947354
947508
947619
947639
947723
947744
947765
947858
947904
948028
948056
948096
948125
948177
948341
948379
948412
948495
948882
948905
949095
949140
949277
949427
949494
949502
949568
949570
949683
949704
949753
949804
949807
949868
950170
950214
950278
950379
950593
950648
950853
950904
950920
950952
950997
951035
951092
951100
951247
951675
951704
951843
952019
952091
952109
952418
952526
952530
952581
952611
952679
952727
952806
952964
953012
953149
953345
953529
953553
953568
953579
953599
953672
953843
953849
953890
954079
954079
954086
954125
954182
954418
954483
954538
954583
954647
954718
955216
955227
955371
955471
955495
955805
955837
955884
956089
956109
956144
956179
956184
956232
956402
956416
956451
956463
956487
956598
956727
956752
956820
956935
957286
957309
957316
957318
957342
957548
957633
957669
957722
957787
958079
958110
958225
958301
958548
958567
958682
958704
958877
958917
958920
958981
959184
959243
959656
959682
959804
959839
960036
960244
960557
960653
960686
960710
960748
960841
960909
960917
961061
961137
961241
961299
961469
961583
961627
961666
961697
961715
961777
961783
961847
961892
961907
962008
962074
962112
962114
962313
962529
962566
962594
962886
962891
963021
963132
963190
963193
963205
963344
963561
963619
963632
963875
963887
963912
963926
964102
964106
964171
964361
964384
964401
964407
964520
964613
964667
964695
964771
964834
965109
965241
965337
965357
965367
965504
965699
965763
965779
965957
966085
966160
966211
966244
966328
966352
966685
966731
966765
966800
966972
966989
967106
967396
967437
967566
967649
968016
968137
968348
968387
968608
968659
968664
968801
968851
968966
969101
969196
969458
969633
969702
969714
969770
969790
969853
969966
970165
970262
970350
970360
970398
970454
970582
970651
970757
970817
970898
970905
970968
971035
971143
971159
971197
971229
971297
971380
971440
971471
971474
971601
971659
971666
971844
971877
971902
972050
972151
972304
972315
972445
972453
972476
972674
972780
972838
972947
972949
972984
973000
973237
973371
973443
973525
973603
973633
973746
974538
974592
974618
974630
974678
974834
974996
975117
975220
975256
975262
975308
975364
975396
975405
975496
975595
975647
975764
975765
976065
976096
976157
976337
976402
976585
976631
976682
976712
976738
976850
976979
977041
977103
977130
977252
977333
977603
977665
977798
977969
978096
978118
978346
978543
978600
978731
978761
978769
978835
978938
979080
979266
979360
979395
979504
979531
979571
979661
979701
979745
979786
979931
980057
980109
980135
980151
980157
980209
980227
980495
980695
980699
980777
980789
980828
980859
980986
980991
981029
981168
981195
981355
981407
981409
981441
981445
981569
981614
981648
981947
982028
982087
982127
982186
982261
982307
982357
982406
982508
982582
982668
982766
982766
982778
982982
982986
983056
983193
983220
983368
983403
983409
983675
983682
983716
983756
983880
983896
983991
984124
984187
984217
984258
984484
984516
984580
984672
984846
984890
984920
985209
985227
985511
985562
985710
985825
985840
986045
986155
986256
986470
986591
986763
986790
986808
986997
987087
987116
987170
987282
987417
987531
987532
987579
987660
987772
987954
987991
988209
988612
988613
988622
988654
988676
988839
988936
988956
988993
989301
989403
989497
989513
989571
989580
989863
990076
990082
990173
990203
990299
990357
990361
990451
990846
990859
991045
991062
991150
991202
991233
991264
991288
991407
991496
991528
991655
991784
991906
992061
992198
992253
992368
992374
992540
992696
992941
993017
993146
993159
993172
993219
993245
993276
993301
993368
993417
993656
993812
993853
994162
994286
994353
994472
994672
994780
994963
995107
995131
995233
995305
995489
995536
995738
995738
995962
996007
996036
996273
996317
996319
996691
997009
997076
997661
997744
997895
997924
998046
998146
998331
998462
998502
998592
998636
998838
998851
998930
998937
998991
999073
999117
999181
999502
999621
999657
999756
999827
999966